1422557791,s1-eth1,0.00,0.00,0.00,0,0,0.00,0.00,0.00,0,0,0.00,0.00,0,0
1422557791,s1-eth2,0.00,0.00,0.00,0,0,0.00,0.00,0.00,0,0,0.00,0.00,0,0
1422557791,s2-eth1,0.00,0.00,0.00,0,0,0.00,0.00,0.00,0,0,0.00,0.00,0,0
1422557791,s2-eth2,0.00,0.00,0.00,0,0,0.00,0.00,0.00,0,0,0.00,0.00,0,0
1422557791,s3-eth1,0.00,0.00,0.00,0,0,0.00,0.00,0.00,0,0,0.00,0.00,0,0
1422557791,s3-eth2,0.00,0.00,0.00,0,0,0.00,0.00,0.00,0,0,0.00,0.00,0,0
1422557791,eth0,0.00,0.00,0.00,0,0,0.00,0.00,0.00,0,0,0.00,0.00,0,0
1422557791,lo,0.00,0.00,0.00,0,0,0.00,0.00,0.00,0,0,0.00,0.00,0,0
1422557791,total,0.00,0.00,0.00,0,0,0.00,0.00,0.00,0,0,0.00,0.00,0,0
1422557792,s1-eth1,1931016.00,40986.00,1972002.00,40986,1931016,1280.00,621.00,1901.00,621,1280,0.00,0.00,0,0
1422557792,s1-eth2,40986.00,1938586.00,1979572.00,1938586,40986,621.00,1285.00,1906.00,1285,621,0.00,0.00,0,0
1422557792,s2-eth1,1868942.00,42108.00,1911050.00,42108,1868942,1239.00,638.00,1877.00,638,1239,0.00,0.00,0,0
1422557792,s2-eth2,40986.00,1931016.00,1972002.00,1931016,40986,621.00,1280.00,1901.00,1280,621,0.00,0.00,0,0
1422557792,s3-eth1,1805354.00,42768.00,1848122.00,42768,1805354,1197.00,648.00,1845.00,648,1197,0.00,0.00,0,0
1422557792,s3-eth2,42108.00,1868942.00,1911050.00,1868942,42108,638.00,1239.00,1877.00,1239,638,0.00,0.00,0,0
1422557792,eth0,0.00,60.00,60.00,60,0,0.00,1.00,1.00,1,0,0.00,0.00,0,0
1422557792,lo,0.00,0.00,0.00,0,0,0.00,0.00,0.00,0,0,0.00,0.00,0,0
1422557792,total,5729392.00,5864466.00,11593858.00,5864466,5729392,5596.00,5712.00,11308.00,5712,5596,0.00,0.00,0,0
1422557793,s1-eth1,4941844.50,116997.01,5058841.50,117348,4956670,3269.19,1772.68,5041.87,1778,3279,0.00,0.00,0,0
1422557793,s1-eth2,115483.55,4997695.00,5113178.50,5012688,115830,1749.75,3306.08,5055.83,3316,1755,0.00,0.00,0,0
1422557793,s2-eth1,4940335.00,117194.41,5057529.50,117546,4955156,3268.20,1775.67,5043.87,1781,3278,0.00,0.00,0,0
1422557793,s2-eth2,116997.01,4941844.50,5058841.50,4956670,117348,1772.68,3269.19,5041.87,3279,1778,0.00,0.00,0,0
1422557793,s3-eth1,4938825.50,117326.02,5056151.50,117678,4953642,3267.20,1777.67,5044.87,1783,3277,0.00,0.00,0,0
1422557793,s3-eth2,117194.41,4940335.00,5057529.50,4955156,117546,1775.67,3268.20,5043.87,3278,1781,0.00,0.00,0,0
1422557793,eth0,0.00,0.00,0.00,0,0,0.00,0.00,0.00,0,0,0.00,0.00,0,0
1422557793,lo,0.00,0.00,0.00,0,0,0.00,0.00,0.00,0,0,0.00,0.00,0,0
1422557793,total,15170680.00,15231392.00,30402072.00,15277086,15216192,15102.69,15169.49,30272.18,15215,15148,0.00,0.00,0,0
1422557794,s1-eth1,6233196.00,136092.00,6369288.00,136092,6233196,4122.00,2062.00,6184.00,2062,4122,0.00,0.00,0,0
1422557794,s1-eth2,136686.00,6233196.00,6369882.00,6233196,136686,2071.00,4122.00,6193.00,4122,2071,0.00,0.00,0,0
1422557794,s2-eth1,6233196.00,135630.00,6368826.00,135630,6233196,4122.00,2055.00,6177.00,2055,4122,0.00,0.00,0,0
1422557794,s2-eth2,136092.00,6233196.00,6369288.00,6233196,136092,2062.00,4122.00,6184.00,4122,2062,0.00,0.00,0,0
1422557794,s3-eth1,6234710.00,136224.00,6370934.00,136224,6234710,4123.00,2064.00,6187.00,2064,4123,0.00,0.00,0,0
1422557794,s3-eth2,135630.00,6233196.00,6368826.00,6233196,135630,2055.00,4122.00,6177.00,4122,2055,0.00,0.00,0,0
1422557794,eth0,0.00,0.00,0.00,0,0,0.00,0.00,0.00,0,0,0.00,0.00,0,0
1422557794,lo,0.00,0.00,0.00,0,0,0.00,0.00,0.00,0,0,0.00,0.00,0,0
1422557794,total,19109510.00,19107534.00,38217044.00,19107534,19109510,18555.00,18547.00,37102.00,18547,18555,0.00,0.00,0,0
1422557795,s1-eth1,6234298.00,136030.00,6370328.00,136030,6234298,4123.00,2061.00,6184.00,2061,4123,0.00,0.00,0,0
1422557795,s1-eth2,135634.00,6244896.00,6380530.00,6244896,135634,2055.00,4130.00,6185.00,4130,2055,0.00,0.00,0,0
1422557795,s2-eth1,6226728.00,136558.00,6363286.00,136558,6226728,4118.00,2069.00,6187.00,2069,4118,0.00,0.00,0,0
1422557795,s2-eth2,136030.00,6234298.00,6370328.00,6234298,136030,2061.00,4123.00,6184.00,4123,2061,0.00,0.00,0,0
1422557795,s3-eth1,6226494.00,135898.00,6362392.00,135898,6226494,4117.00,2059.00,6176.00,2059,4117,0.00,0.00,0,0
1422557795,s3-eth2,136558.00,6226728.00,6363286.00,6226728,136558,2069.00,4118.00,6187.00,4118,2069,0.00,0.00,0,0
1422557795,eth0,0.00,120.00,120.00,120,0,0.00,2.00,2.00,2,0,0.00,0.00,0,0
1422557795,lo,1608.00,1608.00,3216.00,1608,1608,18.00,18.00,36.00,18,18,0.00,0.00,0,0
1422557795,total,19097350.00,19116136.00,38213488.00,19116136,19097350,18561.00,18580.00,37141.00,18580,18561,0.00,0.00,0,0
1422557796,s1-eth1,6252747.50,136483.52,6389231.00,136620,6259000,4135.86,2067.93,6203.80,2070,4140,0.00,0.00,0,0
1422557796,s1-eth2,136615.39,6251235.00,6387850.50,6257486,136752,2069.93,4134.87,6204.80,4139,2072,0.00,0.00,0,0
1422557796,s2-eth1,6252747.50,136681.33,6389428.50,136818,6259000,4135.86,2070.93,6206.79,2073,4140,0.00,0.00,0,0
1422557796,s2-eth2,136483.52,6252747.50,6389231.00,6259000,136620,2067.93,4135.86,6203.80,4140,2070,0.00,0.00,0,0
1422557796,s3-eth1,6245419.00,136615.39,6382034.00,136752,6251664,4131.87,2069.93,6201.80,2072,4136,0.00,0.00,0,0
1422557796,s3-eth2,136681.33,6252747.50,6389428.50,6259000,136818,2070.93,4135.86,6206.79,4140,2073,0.00,0.00,0,0
1422557796,eth0,0.00,0.00,0.00,0,0,0.00,0.00,0.00,0,0,0.00,0.00,0,0
1422557796,lo,0.00,0.00,0.00,0,0,0.00,0.00,0.00,0,0,0.00,0.00,0,0
1422557796,total,19160694.00,19166510.00,38327200.00,19185676,19179854,18612.39,18615.39,37227.77,18634,18631,0.00,0.00,0,0
1422557797,s1-eth1,6253996.00,137016.00,6391012.00,137016,6253996,4138.00,2076.00,6214.00,2076,4138,0.00,0.00,0,0
1422557797,s1-eth2,136884.00,6253996.00,6390880.00,6253996,136884,2074.00,4138.00,6212.00,4138,2074,0.00,0.00,0,0
1422557797,s2-eth1,6253996.00,136818.00,6390814.00,136818,6253996,4138.00,2073.00,6211.00,2073,4138,0.00,0.00,0,0
1422557797,s2-eth2,137016.00,6253996.00,6391012.00,6253996,137016,2076.00,4138.00,6214.00,4138,2076,0.00,0.00,0,0
1422557797,s3-eth1,6255510.00,136884.00,6392394.00,136884,6255510,4139.00,2074.00,6213.00,2074,4139,0.00,0.00,0,0
1422557797,s3-eth2,136818.00,6253996.00,6390814.00,6253996,136818,2073.00,4138.00,6211.00,4138,2073,0.00,0.00,0,0
1422557797,eth0,0.00,0.00,0.00,0,0,0.00,0.00,0.00,0,0,0.00,0.00,0,0
1422557797,lo,0.00,0.00,0.00,0,0,0.00,0.00,0.00,0,0,0.00,0.00,0,0
1422557797,total,19174220.00,19172706.00,38346928.00,19172706,19174220,18638.00,18637.00,37275.00,18637,18638,0.00,0.00,0,0
1422557798,s1-eth1,6254458.00,137238.00,6391696.00,137238,6254458,4137.00,2079.00,6216.00,2079,4137,0.00,0.00,0,0
1422557798,s1-eth2,137172.00,6254458.00,6391630.00,6254458,137172,2078.00,4137.00,6215.00,4137,2078,0.00,0.00,0,0
1422557798,s2-eth1,6254458.00,137238.00,6391696.00,137238,6254458,4137.00,2079.00,6216.00,2079,4137,0.00,0.00,0,0
1422557798,s2-eth2,137238.00,6254458.00,6391696.00,6254458,137238,2079.00,4137.00,6216.00,4137,2079,0.00,0.00,0,0
1422557798,s3-eth1,6254458.00,137238.00,6391696.00,137238,6254458,4137.00,2079.00,6216.00,2079,4137,0.00,0.00,0,0
1422557798,s3-eth2,137238.00,6254458.00,6391696.00,6254458,137238,2079.00,4137.00,6216.00,4137,2079,0.00,0.00,0,0
1422557798,eth0,0.00,0.00,0.00,0,0,0.00,0.00,0.00,0,0,0.00,0.00,0,0
1422557798,lo,864.00,864.00,1728.00,864,864,9.00,9.00,18.00,9,9,0.00,0.00,0,0
1422557798,total,19175886.00,19175952.00,38351840.00,19175952,19175886,18656.00,18657.00,37313.00,18657,18656,0.00,0.00,0,0
1422557799,s1-eth1,6173673.00,135297.41,6308970.00,135568,6186020,4083.83,2049.90,6133.73,2054,4092,0.00,0.00,0,0
1422557799,s1-eth2,135297.41,6169140.00,6304437.50,6181478,135568,2049.90,4080.84,6130.74,4089,2054,0.00,0.00,0,0
1422557799,s2-eth1,6181227.50,135429.14,6316657.00,135700,6193590,4088.82,2051.90,6140.72,2056,4097,0.00,0.00,0,0
1422557799,s2-eth2,135297.41,6173673.00,6308970.00,6186020,135568,2049.90,4083.83,6133.73,4092,2054,0.00,0.00,0,0
1422557799,s3-eth1,6185760.50,135363.28,6321124.00,135634,6198132,4091.82,2050.90,6142.71,2055,4100,0.00,0.00,0,0
1422557799,s3-eth2,135429.14,6181227.50,6316657.00,6193590,135700,2051.90,4088.82,6140.72,4097,2056,0.00,0.00,0,0
1422557799,eth0,0.00,141.72,141.72,142,0,0.00,1.00,1.00,1,0,0.00,0.00,0,0
1422557799,lo,2467.07,2467.07,4934.13,2472,2472,26.95,26.95,53.89,27,27,0.00,0.00,0,0
1422557799,total,18949152.00,18932740.00,37881892.00,18970604,18987050,18443.11,18434.13,36877.25,18471,18480,0.00,0.00,0,0
1422557800,s1-eth1,6197343.00,135230.77,6332573.50,135366,6203540,4093.91,2048.95,6142.86,2051,4098,0.00,0.00,0,0
1422557800,s1-eth2,135230.77,6192805.50,6328036.00,6198998,135366,2048.95,4090.91,6139.86,4095,2051,0.00,0.00,0,0
1422557800,s2-eth1,6194318.00,135098.91,6329417.00,135234,6200512,4091.91,2046.95,6138.86,2049,4096,0.00,0.00,0,0
1422557800,s2-eth2,135230.77,6197343.00,6332573.50,6203540,135366,2048.95,4093.91,6142.86,4098,2051,0.00,0.00,0,0
1422557800,s3-eth1,6194318.00,135230.77,6329548.50,135366,6200512,4091.91,2048.95,6140.86,2051,4096,0.00,0.00,0,0
1422557800,s3-eth2,135098.91,6194318.00,6329417.00,6200512,135234,2046.95,4091.91,6138.86,4096,2049,0.00,0.00,0,0
1422557800,eth0,0.00,0.00,0.00,0,0,0.00,0.00,0.00,0,0,0.00,0.00,0,0
1422557800,lo,0.00,0.00,0.00,0,0,0.00,0.00,0.00,0,0,0.00,0.00,0,0
1422557800,total,18991538.00,18990026.00,37981564.00,19009016,19010530,18422.58,18421.58,36844.16,18440,18441,0.00,0.00,0,0
1422557801,s1-eth1,6247424.00,136356.00,6383780.00,136356,6247424,4132.00,2066.00,6198.00,2066,4132,0.00,0.00,0,0
1422557801,s1-eth2,136158.00,6253480.00,6389638.00,6253480,136158,2063.00,4136.00,6199.00,4136,2063,0.00,0.00,0,0
1422557801,s2-eth1,6250452.00,136356.00,6386808.00,136356,6250452,4134.00,2066.00,6200.00,2066,4134,0.00,0.00,0,0
1422557801,s2-eth2,136356.00,6247424.00,6383780.00,6247424,136356,2066.00,4132.00,6198.00,4132,2066,0.00,0.00,0,0
1422557801,s3-eth1,6248938.00,136290.00,6385228.00,136290,6248938,4133.00,2065.00,6198.00,2065,4133,0.00,0.00,0,0
1422557801,s3-eth2,136356.00,6250452.00,6386808.00,6250452,136356,2066.00,4134.00,6200.00,4134,2066,0.00,0.00,0,0
1422557801,eth0,0.00,0.00,0.00,0,0,0.00,0.00,0.00,0,0,0.00,0.00,0,0
1422557801,lo,0.00,0.00,0.00,0,0,0.00,0.00,0.00,0,0,0.00,0.00,0,0
1422557801,total,19155684.00,19160358.00,38316040.00,19160358,19155684,18594.00,18599.00,37193.00,18599,18594,0.00,0.00,0,0
1422557802,s1-eth1,6253808.00,136422.00,6390230.00,136422,6253808,4136.00,2067.00,6203.00,2067,4136,0.00,0.00,0,0
1422557802,s1-eth2,136488.00,6253808.00,6390296.00,6253808,136488,2068.00,4136.00,6204.00,4136,2068,0.00,0.00,0,0
1422557802,s2-eth1,6252598.00,136488.00,6389086.00,136488,6252598,4135.00,2068.00,6203.00,2068,4135,0.00,0.00,0,0
1422557802,s2-eth2,136422.00,6253808.00,6390230.00,6253808,136422,2067.00,4136.00,6203.00,4136,2067,0.00,0.00,0,0
1422557802,s3-eth1,6254112.00,136488.00,6390600.00,136488,6254112,4136.00,2068.00,6204.00,2068,4136,0.00,0.00,0,0
1422557802,s3-eth2,136488.00,6252598.00,6389086.00,6252598,136488,2068.00,4135.00,6203.00,4135,2068,0.00,0.00,0,0
1422557802,eth0,0.00,120.00,120.00,120,0,0.00,2.00,2.00,2,0,0.00,0.00,0,0
1422557802,lo,0.00,0.00,0.00,0,0,0.00,0.00,0.00,0,0,0.00,0.00,0,0
1422557802,total,19169916.00,19169732.00,38339648.00,19169732,19169916,18610.00,18612.00,37222.00,18612,18610,0.00,0.00,0,0
1422557803,s1-eth1,6257486.00,136686.00,6394172.00,136686,6257486,4139.00,2071.00,6210.00,2071,4139,0.00,0.00,0,0
1422557803,s1-eth2,136818.00,6254458.00,6391276.00,6254458,136818,2073.00,4137.00,6210.00,4137,2073,0.00,0.00,0,0
1422557803,s2-eth1,6258696.00,136620.00,6395316.00,136620,6258696,4140.00,2070.00,6210.00,2070,4140,0.00,0.00,0,0
1422557803,s2-eth2,136686.00,6257486.00,6394172.00,6257486,136686,2071.00,4139.00,6210.00,4139,2071,0.00,0.00,0,0
1422557803,s3-eth1,6258696.00,136620.00,6395316.00,136620,6258696,4140.00,2070.00,6210.00,2070,4140,0.00,0.00,0,0
1422557803,s3-eth2,136620.00,6258696.00,6395316.00,6258696,136620,2070.00,4140.00,6210.00,4140,2070,0.00,0.00,0,0
1422557803,eth0,0.00,0.00,0.00,0,0,0.00,0.00,0.00,0,0,0.00,0.00,0,0
1422557803,lo,0.00,0.00,0.00,0,0,0.00,0.00,0.00,0,0,0.00,0.00,0,0
1422557803,total,19185002.00,19180566.00,38365568.00,19180566,19185002,18633.00,18627.00,37260.00,18627,18633,0.00,0.00,0,0
1422557804,s1-eth1,6165472.00,134706.00,6300178.00,134706,6165472,4076.00,2041.00,6117.00,2041,4076,0.00,0.00,0,0
1422557804,s1-eth2,134508.00,6162444.00,6296952.00,6162444,134508,2038.00,4074.00,6112.00,4074,2038,0.00,0.00,0,0
1422557804,s2-eth1,6165472.00,134508.00,6299980.00,134508,6165472,4076.00,2038.00,6114.00,2038,4076,0.00,0.00,0,0
1422557804,s2-eth2,134706.00,6165472.00,6300178.00,6165472,134706,2041.00,4076.00,6117.00,4076,2041,0.00,0.00,0,0
1422557804,s3-eth1,6166986.00,134508.00,6301494.00,134508,6166986,4077.00,2038.00,6115.00,2038,4077,0.00,0.00,0,0
1422557804,s3-eth2,134508.00,6165472.00,6299980.00,6165472,134508,2038.00,4076.00,6114.00,4076,2038,0.00,0.00,0,0
1422557804,eth0,0.00,60.00,60.00,60,0,0.00,1.00,1.00,1,0,0.00,0.00,0,0
1422557804,lo,516.00,516.00,1032.00,516,516,9.00,9.00,18.00,9,9,0.00,0.00,0,0
1422557804,total,18902168.00,18897686.00,37799856.00,18897686,18902168,18355.00,18353.00,36708.00,18353,18355,0.00,0.00,0,0
1422557805,s1-eth1,6253692.50,136219.78,6389912.50,136356,6259946,4132.87,2063.94,6196.80,2066,4137,0.00,0.00,0,0
1422557805,s1-eth2,136219.78,6255205.00,6391424.50,6261460,136356,2063.94,4133.87,6197.80,4138,2066,0.00,0.00,0,0
1422557805,s2-eth1,6255205.00,136417.59,6391622.50,136554,6261460,4133.87,2066.93,6200.80,2069,4138,0.00,0.00,0,0
1422557805,s2-eth2,136219.78,6253692.50,6389912.50,6259946,136356,2063.94,4132.87,6196.80,4137,2066,0.00,0.00,0,0
1422557805,s3-eth1,6249155.00,136417.59,6385572.50,136554,6255404,4129.87,2066.93,6196.80,2069,4134,0.00,0.00,0,0
1422557805,s3-eth2,136417.59,6255205.00,6391622.50,6261460,136554,2066.93,4133.87,6200.80,4138,2069,0.00,0.00,0,0
1422557805,eth0,0.00,141.86,141.86,142,0,0.00,1.00,1.00,1,0,0.00,0.00,0,0
1422557805,lo,0.00,0.00,0.00,0,0,0.00,0.00,0.00,0,0,0.00,0.00,0,0
1422557805,total,19166910.00,19173300.00,38340208.00,19192472,19186076,18591.41,18599.40,37190.81,18618,18610,0.00,0.00,0,0
1422557806,s1-eth1,6254692.00,136488.00,6391180.00,136488,6254692,4138.00,2068.00,6206.00,2068,4138,0.00,0.00,0,0
1422557806,s1-eth2,136554.00,6256206.00,6392760.00,6256206,136554,2069.00,4139.00,6208.00,4139,2069,0.00,0.00,0,0
1422557806,s2-eth1,6253178.00,136488.00,6389666.00,136488,6253178,4137.00,2068.00,6205.00,2068,4137,0.00,0.00,0,0
1422557806,s2-eth2,136488.00,6254692.00,6391180.00,6254692,136488,2068.00,4138.00,6206.00,4138,2068,0.00,0.00,0,0
1422557806,s3-eth1,6257720.00,136488.00,6394208.00,136488,6257720,4140.00,2068.00,6208.00,2068,4140,0.00,0.00,0,0
1422557806,s3-eth2,136488.00,6253178.00,6389666.00,6253178,136488,2068.00,4137.00,6205.00,4137,2068,0.00,0.00,0,0
1422557806,eth0,0.00,0.00,0.00,0,0,0.00,0.00,0.00,0,0,0.00,0.00,0,0
1422557806,lo,0.00,0.00,0.00,0,0,0.00,0.00,0.00,0,0,0.00,0.00,0,0
1422557806,total,19175120.00,19173540.00,38348660.00,19173540,19175120,18620.00,18618.00,37238.00,18618,18620,0.00,0.00,0,0
1422557807,s1-eth1,6225108.00,132330.00,6357438.00,132330,6225108,4118.00,2005.00,6123.00,2005,4118,0.00,0.00,0,0
1422557807,s1-eth2,132528.00,6222080.00,6354608.00,6222080,132528,2008.00,4116.00,6124.00,4116,2008,0.00,0.00,0,0
1422557807,s2-eth1,6220566.00,132528.00,6353094.00,132528,6220566,4115.00,2008.00,6123.00,2008,4115,0.00,0.00,0,0
1422557807,s2-eth2,132330.00,6225108.00,6357438.00,6225108,132330,2005.00,4118.00,6123.00,4118,2005,0.00,0.00,0,0
1422557807,s3-eth1,6221846.00,132528.00,6354374.00,132528,6221846,4115.00,2008.00,6123.00,2008,4115,0.00,0.00,0,0
1422557807,s3-eth2,132528.00,6220566.00,6353094.00,6220566,132528,2008.00,4115.00,6123.00,4115,2008,0.00,0.00,0,0
1422557807,eth0,0.00,0.00,0.00,0,0,0.00,0.00,0.00,0,0,0.00,0.00,0,0
1422557807,lo,0.00,0.00,0.00,0,0,0.00,0.00,0.00,0,0,0.00,0.00,0,0
1422557807,total,19064906.00,19065140.00,38130048.00,19065140,19064906,18369.00,18370.00,36739.00,18370,18369,0.00,0.00,0,0
1422557808,s1-eth1,6244291.50,136479.05,6380770.50,136752,6256780,4129.74,2067.86,6197.60,2072,4138,0.00,0.00,0,0
1422557808,s1-eth2,136347.31,6248824.50,6385172.00,6261322,136620,2065.87,4132.73,6198.60,4141,2070,0.00,0.00,0,0
1422557808,s2-eth1,6248824.50,136281.44,6385106.00,136554,6261322,4132.73,2064.87,6197.60,2069,4141,0.00,0.00,0,0
1422557808,s2-eth2,136479.05,6244291.50,6380770.50,6256780,136752,2067.86,4129.74,6197.60,4138,2072,0.00,0.00,0,0
1422557808,s3-eth1,6247547.00,136281.44,6383828.50,136554,6260042,4132.73,2064.87,6197.60,2069,4141,0.00,0.00,0,0
1422557808,s3-eth2,136281.44,6248824.50,6385106.00,6261322,136554,2064.87,4132.73,6197.60,4141,2069,0.00,0.00,0,0
1422557808,eth0,0.00,289.13,289.13,290,0,0.00,1.99,1.99,2,0,0.00,0.00,0,0
1422557808,lo,0.00,0.00,0.00,0,0,0.00,0.00,0.00,0,0,0.00,0.00,0,0
1422557808,total,19130678.00,19132178.00,38262856.00,19189574,19188070,18575.27,18576.27,37151.55,18632,18631,0.00,0.00,0,0
1422557809,s1-eth1,6220985.00,130615.39,6351600.50,130746,6227206,4114.89,1979.02,6093.91,1981,4119,0.00,0.00,0,0
1422557809,s1-eth2,130615.39,6216447.50,6347063.00,6222664,130746,1979.02,4111.89,6090.91,4116,1981,0.00,0.00,0,0
1422557809,s2-eth1,6217960.00,130615.39,6348575.50,130746,6224178,4112.89,1979.02,6091.91,1981,4117,0.00,0.00,0,0
1422557809,s2-eth2,130615.39,6220985.00,6351600.50,6227206,130746,1979.02,4114.89,6093.91,4119,1981,0.00,0.00,0,0
1422557809,s3-eth1,6217960.00,130747.26,6348707.50,130878,6224178,4112.89,1981.02,6093.91,1983,4117,0.00,0.00,0,0
1422557809,s3-eth2,130615.39,6217960.00,6348575.50,6224178,130746,1979.02,4112.89,6091.91,4117,1981,0.00,0.00,0,0
1422557809,eth0,0.00,120.00,120.00,120,0,0.00,2.00,2.00,2,0,0.00,0.00,0,0
1422557809,lo,516.00,516.00,1032.00,516,516,9.00,9.00,18.00,9,9,0.00,0.00,0,0
1422557809,total,19068316.00,19067054.00,38135368.00,19067054,19068316,18305.00,18308.00,36613.00,18308,18305,0.00,0.00,0,0
1422557810,s1-eth1,6246550.50,136474.58,6383025.00,136884,6265290,4132.60,2067.80,6200.40,2074,4145,0.00,0.00,0,0
1422557810,s1-eth2,136474.58,6252588.50,6389063.00,6271346,136884,2067.80,4136.59,6204.39,4149,2074,0.00,0.00,0,0
1422557810,s2-eth1,6249569.50,136408.78,6385978.00,136818,6268318,4134.60,2066.80,6201.40,2073,4147,0.00,0.00,0,0
1422557810,s2-eth2,136474.58,6246550.50,6383025.00,6265290,136884,2067.80,4132.60,6200.40,4145,2074,0.00,0.00,0,0
1422557810,s3-eth1,6249569.50,136277.17,6385846.50,136686,6268318,4134.60,2064.81,6199.40,2071,4147,0.00,0.00,0,0
1422557810,s3-eth2,136408.78,6249569.50,6385978.00,6268318,136818,2066.80,4134.60,6201.40,4147,2073,0.00,0.00,0,0
1422557810,eth0,0.00,0.00,0.00,0,0,0.00,0.00,0.00,0,0,0.00,0.00,0,0
1422557810,lo,0.00,0.00,0.00,0,0,0.00,0.00,0.00,0,0,0.00,0.00,0,0
1422557810,total,19155046.00,19157868.00,38312916.00,19215342,19212512,18604.19,18603.19,37207.38,18659,18660,0.00,0.00,0,0
1422557811,s1-eth1,6212839.50,135428.58,6348268.00,135564,6219052,4109.89,2051.95,6161.84,2054,4114,0.00,0.00,0,0
1422557811,s1-eth2,135428.58,6206789.50,6342218.00,6212996,135564,2051.95,4105.89,6157.84,4110,2054,0.00,0.00,0,0
1422557811,s2-eth1,6211327.00,135494.52,6346821.50,135630,6217538,4108.89,2052.95,6161.84,2055,4113,0.00,0.00,0,0
1422557811,s2-eth2,135428.58,6212839.50,6348268.00,6219052,135564,2051.95,4109.89,6161.84,4114,2054,0.00,0.00,0,0
1422557811,s3-eth1,6209636.50,135626.38,6345263.00,135762,6215846,4106.89,2054.95,6161.84,2057,4111,0.00,0.00,0,0
1422557811,s3-eth2,135494.52,6211327.00,6346821.50,6217538,135630,2052.95,4108.89,6161.84,4113,2055,0.00,0.00,0,0
1422557811,eth0,0.00,113.89,113.89,114,0,0.00,1.00,1.00,1,0,0.00,0.00,0,0
1422557811,lo,0.00,0.00,0.00,0,0,0.00,0.00,0.00,0,0,0.00,0.00,0,0
1422557811,total,19040154.00,19037618.00,38077772.00,19056656,19059194,18482.52,18485.51,36968.03,18504,18501,0.00,0.00,0,0
1422557812,s1-eth1,6133758.50,130483.52,6264242.00,130614,6139892,4053.95,1977.02,6030.97,1979,4058,0.00,0.00,0,0
1422557812,s1-eth2,127846.16,6070234.00,6198080.00,6076304,127974,1937.06,4011.99,5949.05,4016,1939,0.00,0.00,0,0
1422557812,s2-eth1,6136783.50,130483.52,6267267.00,130614,6142920,4055.94,1977.02,6032.97,1979,4060,0.00,0.00,0,0
1422557812,s2-eth2,130483.52,6133758.50,6264242.00,6139892,130614,1977.02,4053.95,6030.97,4058,1979,0.00,0.00,0,0
1422557812,s3-eth1,6138473.50,130351.65,6268825.50,130482,6144612,4057.94,1975.03,6032.97,1977,4062,0.00,0.00,0,0
1422557812,s3-eth2,130483.52,6136783.50,6267267.00,6142920,130614,1977.02,4055.94,6032.97,4060,1979,0.00,0.00,0,0
1422557812,eth0,0.00,313.69,313.69,314,0,0.00,2.00,2.00,2,0,0.00,0.00,0,0
1422557812,lo,0.00,0.00,0.00,0,0,0.00,0.00,0.00,0,0,0.00,0.00,0,0
1422557812,total,18797828.00,18732408.00,37530240.00,18751140,18816626,18058.94,18052.95,36111.89,18071,18077,0.00,0.00,0,0
1422557813,s1-eth1,5643325.00,123428.58,5766753.50,123552,5648968,3728.27,1870.13,5598.40,1872,3732,0.00,0.00,0,0
1422557813,s1-eth2,126000.00,5706849.50,5832849.50,5712556,126126,1909.09,3770.23,5679.32,3774,1911,0.00,0.00,0,0
1422557813,s2-eth1,5647862.50,123296.70,5771159.00,123420,5653510,3731.27,1868.13,5599.40,1870,3735,0.00,0.00,0,0
1422557813,s2-eth2,123428.58,5643325.00,5766753.50,5648968,123552,1870.13,3728.27,5598.40,3732,1872,0.00,0.00,0,0
1422557813,s3-eth1,5653912.00,123428.58,5777341.00,123552,5659566,3735.26,1870.13,5605.39,1872,3739,0.00,0.00,0,0
1422557813,s3-eth2,123296.70,5647862.50,5771159.00,5653510,123420,1868.13,3731.27,5599.40,3735,1870,0.00,0.00,0,0
1422557813,eth0,0.00,0.00,0.00,0,0,0.00,0.00,0.00,0,0,0.00,0.00,0,0
1422557813,lo,0.00,0.00,0.00,0,0,0.00,0.00,0.00,0,0,0.00,0.00,0,0
1422557813,total,17283292.00,17333558.00,34616848.00,17385558,17335142,16808.57,16804.59,33613.16,16855,16859,0.00,0.00,0,0
1422557814,s1-eth1,6111906.50,132724.55,6244631.00,132990,6124130,4036.93,2010.98,6047.90,2015,4045,0.00,0.00,0,0
1422557814,s1-eth2,132856.30,6111906.50,6244762.50,6124130,133122,2012.97,4036.93,6049.90,4045,2017,0.00,0.00,0,0
1422557814,s2-eth1,6104351.50,132856.30,6237208.00,133122,6116560,4031.94,2012.97,6044.91,2017,4040,0.00,0.00,0,0
1422557814,s2-eth2,132724.55,6111906.50,6244631.00,6124130,132990,2010.98,4036.93,6047.90,4045,2015,0.00,0.00,0,0
1422557814,s3-eth1,6099818.50,132724.55,6232543.00,132990,6112018,4028.94,2010.98,6039.92,2015,4037,0.00,0.00,0,0
1422557814,s3-eth2,132856.30,6104351.50,6237208.00,6116560,133122,2012.97,4031.94,6044.91,4040,2017,0.00,0.00,0,0
1422557814,eth0,0.00,142.00,142.00,142,0,0.00,1.00,1.00,1,0,0.00,0.00,0,0
1422557814,lo,516.00,516.00,1032.00,516,516,9.00,9.00,18.00,9,9,0.00,0.00,0,0
1422557814,total,18752458.00,18764580.00,37517040.00,18764580,18752458,18180.00,18187.00,36367.00,18187,18180,0.00,0.00,0,0
1422557815,s1-eth1,6204372.00,135234.00,6339606.00,135234,6204372,4098.00,2049.00,6147.00,2049,4098,0.00,0.00,0,0
1422557815,s1-eth2,135234.00,6204372.00,6339606.00,6204372,135234,2049.00,4098.00,6147.00,4098,2049,0.00,0.00,0,0
1422557815,s2-eth1,6207400.00,135234.00,6342634.00,135234,6207400,4100.00,2049.00,6149.00,2049,4100,0.00,0.00,0,0
1422557815,s2-eth2,135234.00,6204372.00,6339606.00,6204372,135234,2049.00,4098.00,6147.00,4098,2049,0.00,0.00,0,0
1422557815,s3-eth1,6204372.00,135300.00,6339672.00,135300,6204372,4098.00,2050.00,6148.00,2050,4098,0.00,0.00,0,0
1422557815,s3-eth2,135234.00,6207400.00,6342634.00,6207400,135234,2049.00,4100.00,6149.00,4100,2049,0.00,0.00,0,0
1422557815,eth0,0.00,86.00,86.00,86,0,0.00,1.00,1.00,1,0,0.00,0.00,0,0
1422557815,lo,0.00,0.00,0.00,0,0,0.00,0.00,0.00,0,0,0.00,0.00,0,0
1422557815,total,19021846.00,19021998.00,38043844.00,19021998,19021846,18443.00,18445.00,36888.00,18445,18443,0.00,0.00,0,0
1422557816,s1-eth1,6219512.00,135366.00,6354878.00,135366,6219512,4108.00,2051.00,6159.00,2051,4108,0.00,0.00,0,0
1422557816,s1-eth2,135432.00,6219512.00,6354944.00,6219512,135432,2052.00,4108.00,6160.00,4108,2052,0.00,0.00,0,0
1422557816,s2-eth1,6217998.00,135432.00,6353430.00,135432,6217998,4107.00,2052.00,6159.00,2052,4107,0.00,0.00,0,0
1422557816,s2-eth2,135366.00,6219512.00,6354878.00,6219512,135366,2051.00,4108.00,6159.00,4108,2051,0.00,0.00,0,0
1422557816,s3-eth1,6219512.00,135564.00,6355076.00,135564,6219512,4108.00,2054.00,6162.00,2054,4108,0.00,0.00,0,0
1422557816,s3-eth2,135432.00,6217998.00,6353430.00,6217998,135432,2052.00,4107.00,6159.00,4107,2052,0.00,0.00,0,0
1422557816,eth0,0.00,120.00,120.00,120,0,0.00,2.00,2.00,2,0,0.00,0.00,0,0
1422557816,lo,0.00,0.00,0.00,0,0,0.00,0.00,0.00,0,0,0.00,0.00,0,0
1422557816,total,19063252.00,19063504.00,38126756.00,19063504,19063252,18478.00,18482.00,36960.00,18482,18478,0.00,0.00,0,0
1422557817,s1-eth1,6248026.00,136549.45,6384575.50,136686,6254274,4128.87,2068.93,6197.80,2071,4133,0.00,0.00,0,0
1422557817,s1-eth2,136351.66,6246513.50,6382865.50,6252760,136488,2065.93,4127.87,6193.81,4132,2068,0.00,0.00,0,0
1422557817,s2-eth1,6248026.00,136483.52,6384509.50,136620,6254274,4128.87,2067.93,6196.80,2070,4133,0.00,0.00,0,0
1422557817,s2-eth2,136549.45,6248026.00,6384575.50,6254274,136686,2068.93,4128.87,6197.80,4133,2071,0.00,0.00,0,0
1422557817,s3-eth1,6249538.50,136285.72,6385824.50,136422,6255788,4129.87,2064.94,6194.81,2067,4134,0.00,0.00,0,0
1422557817,s3-eth2,136483.52,6248026.00,6384509.50,6254274,136620,2067.93,4128.87,6196.80,4133,2070,0.00,0.00,0,0
1422557817,eth0,0.00,0.00,0.00,0,0,0.00,0.00,0.00,0,0,0.00,0.00,0,0
1422557817,lo,0.00,0.00,0.00,0,0,0.00,0.00,0.00,0,0,0.00,0.00,0,0
1422557817,total,19154976.00,19151884.00,38306864.00,19171036,19174130,18590.41,18587.41,37177.82,18606,18609,0.00,0.00,0,0
1422557818,s1-eth1,6113143.00,133186.81,6246330.00,133320,6119256,4039.96,2017.98,6057.94,2020,4044,0.00,0.00,0,0
1422557818,s1-eth2,133450.55,6116168.00,6249618.50,6122284,133584,2021.98,4041.96,6063.94,4046,2024,0.00,0.00,0,0
1422557818,s2-eth1,6113143.00,133318.69,6246461.50,133452,6119256,4039.96,2019.98,6059.94,2022,4044,0.00,0.00,0,0
1422557818,s2-eth2,133186.81,6113143.00,6246330.00,6119256,133320,2017.98,4039.96,6057.94,4044,2020,0.00,0.00,0,0
1422557818,s3-eth1,6113143.00,133318.69,6246461.50,133452,6119256,4039.96,2019.98,6059.94,2022,4044,0.00,0.00,0,0
1422557818,s3-eth2,133318.69,6113143.00,6246461.50,6119256,133452,2019.98,4039.96,6059.94,4044,2022,0.00,0.00,0,0
1422557818,eth0,0.00,0.00,0.00,0,0,0.00,0.00,0.00,0,0,0.00,0.00,0,0
1422557818,lo,0.00,0.00,0.00,0,0,0.00,0.00,0.00,0,0,0.00,0.00,0,0
1422557818,total,18739386.00,18742278.00,37481664.00,18761020,18758124,18179.82,18179.82,36359.64,18198,18198,0.00,0.00,0,0
1422557819,s1-eth1,6169550.00,134508.00,6304058.00,134508,6169550,4075.00,2038.00,6113.00,2038,4075,0.00,0.00,0,0
1422557819,s1-eth2,134376.00,6169550.00,6303926.00,6169550,134376,2036.00,4075.00,6111.00,4075,2036,0.00,0.00,0,0
1422557819,s2-eth1,6168036.00,134310.00,6302346.00,134310,6168036,4074.00,2035.00,6109.00,2035,4074,0.00,0.00,0,0
1422557819,s2-eth2,134508.00,6169550.00,6304058.00,6169550,134508,2038.00,4075.00,6113.00,4075,2038,0.00,0.00,0,0
1422557819,s3-eth1,6165008.00,134178.00,6299186.00,134178,6165008,4072.00,2033.00,6105.00,2033,4072,0.00,0.00,0,0
1422557819,s3-eth2,134310.00,6168036.00,6302346.00,6168036,134310,2035.00,4074.00,6109.00,4074,2035,0.00,0.00,0,0
1422557819,eth0,0.00,0.00,0.00,0,0,0.00,0.00,0.00,0,0,0.00,0.00,0,0
1422557819,lo,515.48,515.48,1030.97,516,516,8.99,8.99,17.98,9,9,0.00,0.00,0,0
1422557819,total,18887418.00,18891756.00,37779172.00,18910648,18906304,18320.68,18320.68,36641.36,18339,18339,0.00,0.00,0,0
1422557820,s1-eth1,6235986.00,135890.11,6371876.50,136026,6242222,4118.88,2058.94,6177.82,2061,4123,0.00,0.00,0,0
1422557820,s1-eth2,135956.05,6237498.50,6373454.50,6243736,136092,2059.94,4119.88,6179.82,4124,2062,0.00,0.00,0,0
1422557820,s2-eth1,6237498.50,136021.98,6373520.50,136158,6243736,4119.88,2060.94,6180.82,2063,4124,0.00,0.00,0,0
1422557820,s2-eth2,135890.11,6235986.00,6371876.50,6242222,136026,2058.94,4118.88,6177.82,4123,2061,0.00,0.00,0,0
1422557820,s3-eth1,6240523.50,136219.78,6376743.50,136356,6246764,4121.88,2063.94,6185.81,2066,4126,0.00,0.00,0,0
1422557820,s3-eth2,136158.00,6243736.00,6379894.00,6243736,136158,2063.00,4124.00,6187.00,4124,2063,0.00,0.00,0,0
1422557820,eth0,0.00,142.00,142.00,142,0,0.00,1.00,1.00,1,0,0.00,0.00,0,0
1422557820,lo,0.00,0.00,0.00,0,0,0.00,0.00,0.00,0,0,0.00,0.00,0,0
1422557820,total,19140998.00,19138376.00,38279376.00,19138376,19140998,18559.00,18562.00,37121.00,18562,18559,0.00,0.00,0,0
1422557821,s1-eth1,6254336.00,136290.00,6390626.00,136290,6254336,4132.00,2065.00,6197.00,2065,4132,0.00,0.00,0,0
1422557821,s1-eth2,136224.00,6252822.00,6389046.00,6252822,136224,2064.00,4131.00,6195.00,4131,2064,0.00,0.00,0,0
1422557821,s2-eth1,6246766.00,136092.00,6382858.00,136092,6246766,4127.00,2062.00,6189.00,2062,4127,0.00,0.00,0,0
1422557821,s2-eth2,136290.00,6254336.00,6390626.00,6254336,136290,2065.00,4132.00,6197.00,4132,2065,0.00,0.00,0,0
1422557821,s3-eth1,6245252.00,136158.00,6381410.00,136158,6245252,4126.00,2063.00,6189.00,2063,4126,0.00,0.00,0,0
1422557821,s3-eth2,136092.00,6246766.00,6382858.00,6246766,136092,2062.00,4127.00,6189.00,4127,2062,0.00,0.00,0,0
1422557821,eth0,0.00,0.00,0.00,0,0,0.00,0.00,0.00,0,0,0.00,0.00,0,0
1422557821,lo,0.00,0.00,0.00,0,0,0.00,0.00,0.00,0,0,0.00,0.00,0,0
1422557821,total,19135824.00,19143322.00,38279144.00,19162464,19154960,18557.44,18561.44,37118.88,18580,18576,0.00,0.00,0,0
1422557822,s1-eth1,6085950.50,129802.40,6215752.50,130062,6098122,4024.95,1967.07,5992.02,1971,4033,0.00,0.00,0,0
1422557822,s1-eth2,129868.27,6082928.50,6212796.50,6095094,130128,1968.06,4022.95,5991.02,4031,1972,0.00,0.00,0,0
1422557822,s2-eth1,6093505.00,130000.00,6223505.00,130260,6105692,4029.94,1970.06,6000.00,1974,4038,0.00,0.00,0,0
1422557822,s2-eth2,129802.40,6085950.50,6215752.50,6098122,130062,1967.07,4024.95,5992.02,4033,1971,0.00,0.00,0,0
1422557822,s3-eth1,6095016.00,129868.27,6224884.50,130128,6107206,4030.94,1968.06,5999.00,1972,4039,0.00,0.00,0,0
1422557822,s3-eth2,130000.00,6093505.00,6223505.00,6105692,130260,1970.06,4029.94,6000.00,4038,1974,0.00,0.00,0,0
1422557822,eth0,0.00,0.00,0.00,0,0,0.00,0.00,0.00,0,0,0.00,0.00,0,0
1422557822,lo,885.34,885.34,1770.69,888,888,8.97,8.97,17.95,9,9,0.00,0.00,0,0
1422557822,total,18665028.00,18652940.00,37317968.00,18690246,18702358,18000.00,17992.02,35992.02,18028,18036,0.00,0.00,0,0
1422557823,s1-eth1,6254802.50,136610.78,6391413.50,136884,6267312,4135.73,2069.86,6205.59,2074,4144,0.00,0.00,0,0
1422557823,s1-eth2,136413.17,6256313.50,6392726.50,6268826,136686,2066.87,4136.73,6203.59,4145,2071,0.00,0.00,0,0
1422557823,s2-eth1,6253291.50,136610.78,6389902.50,136884,6265798,4134.73,2069.86,6204.59,2074,4143,0.00,0.00,0,0
1422557823,s2-eth2,136610.78,6254802.50,6391413.50,6267312,136884,2069.86,4135.73,6205.59,4144,2074,0.00,0.00,0,0
1422557823,s3-eth1,6250269.50,136676.66,6386946.50,136950,6262770,4132.73,2070.86,6203.59,2075,4141,0.00,0.00,0,0
1422557823,s3-eth2,136610.78,6253291.50,6389902.50,6265798,136884,2069.86,4134.73,6204.59,4143,2074,0.00,0.00,0,0
1422557823,eth0,0.00,119.88,119.88,120,0,0.00,2.00,2.00,2,0,0.00,0.00,0,0
1422557823,lo,0.00,0.00,0.00,0,0,0.00,0.00,0.00,0,0,0.00,0.00,0,0
1422557823,total,19187148.00,19193580.00,38380728.00,19212774,19206334,18628.37,18638.36,37266.73,18657,18647,0.00,0.00,0,0
1422557824,s1-eth1,5579363.00,116053.26,5695416.00,117678,5657474,3689.35,1758.38,5447.73,1783,3741,0.00,0.00,0,0
1422557824,s1-eth2,117550.30,5519639.00,5637189.50,5596914,119196,1781.07,3649.90,5430.97,3701,1806,0.00,0.00,0,0
1422557824,s2-eth1,5643566.00,114621.30,5758187.50,116226,5722576,3731.76,1736.69,5468.44,1761,3784,0.00,0.00,0,0
1422557824,s2-eth2,116053.26,5579363.00,5695416.00,5657474,117678,1758.38,3689.35,5447.73,3741,1783,0.00,0.00,0,0
1422557824,s3-eth1,5622035.50,112193.55,5734229.00,114774,5751342,3717.50,1699.90,5417.40,1739,3803,0.00,0.00,0,0
1422557824,s3-eth2,113612.91,5593916.00,5707529.00,5722576,116226,1721.41,3698.92,5420.33,3784,1761,0.00,0.00,0,0
1422557824,eth0,0.00,0.00,0.00,0,0,0.00,0.00,0.00,0,0,0.00,0.00,0,0
1422557824,lo,0.00,0.00,0.00,0,0,0.00,0.00,0.00,0,0,0.00,0.00,0,0
1422557824,total,17074700.00,16919572.00,33994272.00,17325642,17484492,16287.11,16122.07,32409.18,16509,16678,0.00,0.00,0,0
1422557825,s1-eth1,2025607.12,36760.32,2062367.38,37422,2062068,1337.92,556.97,1894.89,567,1362,0.00,0.00,0,0
1422557825,s1-eth2,35593.32,2047915.50,2083508.88,2084778,36234,539.29,1352.65,1891.95,1377,549,0.00,0.00,0,0
1422557825,s2-eth1,2027598.88,38159.29,2065758.12,38808,2062068,1339.23,578.17,1917.40,588,1362,0.00,0.00,0,0
1422557825,s2-eth2,36796.46,2027598.88,2064395.25,2062068,37422,557.52,1339.23,1896.76,1362,567,0.00,0.00,0,0
1422557825,s3-eth1,2081187.38,39900.89,2121088.25,40260,2099918,1374.63,604.56,1979.19,610,1387,0.00,0.00,0,0
1422557825,s3-eth2,38500.00,2045702.38,2084202.38,2062068,38808,583.33,1351.19,1934.52,1362,588,0.00,0.00,0,0
1422557825,eth0,0.00,0.00,0.00,0,0,0.00,0.00,0.00,0,0,0.00,0.00,0,0
1422557825,lo,0.00,0.00,0.00,0,0,0.00,0.00,0.00,0,0,0.00,0.00,0,0
1422557825,total,6286228.00,6275202.00,12561430.00,6325404,6336518,5768.85,5819.44,11588.29,5866,5815,0.00,0.00,0,0
1422557826,s1-eth1,2502642.00,53196.00,2555838.00,53196,2502642,1653.00,806.00,2459.00,806,1653,0.00,0.00,0,0
1422557826,s1-eth2,53988.00,2522324.00,2576312.00,2522324,53988,818.00,1666.00,2484.00,1666,818,0.00,0.00,0,0
1422557826,s2-eth1,2488042.00,52945.05,2540987.00,52998,2490530,1643.36,802.20,2445.55,803,1645,0.00,0.00,0,0
1422557826,s2-eth2,53196.00,2502642.00,2555838.00,2502642,53196,806.00,1653.00,2459.00,1653,806,0.00,0.00,0,0
1422557826,s3-eth1,2457222.00,52932.00,2510154.00,52932,2457222,1623.00,802.00,2425.00,802,1623,0.00,0.00,0,0
1422557826,s3-eth2,52998.00,2490530.00,2543528.00,2490530,52998,803.00,1645.00,2448.00,1645,803,0.00,0.00,0,0
1422557826,eth0,0.00,60.00,60.00,60,0,0.00,1.00,1.00,1,0,0.00,0.00,0,0
1422557826,lo,515.48,515.48,1030.97,516,516,8.99,8.99,17.98,9,9,0.00,0.00,0,0
1422557826,total,7603488.50,7667530.50,15271019.00,7675198,7611092,7349.65,7377.62,14727.27,7385,7357,0.00,0.00,0,0
1422557827,s1-eth1,3239748.25,71076.92,3310825.25,71148,3242988,2139.86,1076.92,3216.78,1078,2142,0.00,0.00,0,0
1422557827,s1-eth2,70417.59,3248823.25,3319240.75,3252072,70488,1066.93,2145.85,3212.79,2148,1068,0.00,0.00,0,0
1422557827,s2-eth1,3239748.25,70945.05,3310693.50,71016,3242988,2139.86,1074.93,3214.79,1076,2142,0.00,0.00,0,0
1422557827,s2-eth2,71076.92,3239748.25,3310825.25,3242988,71148,1076.92,2139.86,3216.78,2142,1078,0.00,0.00,0,0
1422557827,s3-eth1,3227648.50,70087.91,3297736.25,70158,3230876,2131.87,1061.94,3193.81,1063,2134,0.00,0.00,0,0
1422557827,s3-eth2,70945.05,3239748.25,3310693.50,3242988,71016,1074.93,2139.86,3214.79,2142,1076,0.00,0.00,0,0
1422557827,eth0,89.91,0.00,89.91,0,90,1.00,0.00,1.00,0,1,0.00,0.00,0,0
1422557827,lo,0.00,0.00,0.00,0,0,0.00,0.00,0.00,0,0,0.00,0.00,0,0
1422557827,total,9919675.00,9940430.00,19860104.00,9950370,9929594,9631.37,9639.36,19270.73,9649,9641,0.00,0.00,0,0
1422557828,s1-eth1,3677506.00,79332.00,3756838.00,79332,3677506,2429.00,1202.00,3631.00,1202,2429,0.00,0.00,0,0
1422557828,s1-eth2,80256.00,3653282.00,3733538.00,3653282,80256,1216.00,2413.00,3629.00,2413,1216,0.00,0.00,0,0
1422557828,s2-eth1,3668422.00,79266.00,3747688.00,79266,3668422,2423.00,1201.00,3624.00,1201,2423,0.00,0.00,0,0
1422557828,s2-eth2,79332.00,3677506.00,3756838.00,3677506,79332,1202.00,2429.00,3631.00,2429,1202,0.00,0.00,0,0
1422557828,s3-eth1,3665394.00,80190.00,3745584.00,80190,3665394,2421.00,1215.00,3636.00,1215,2421,0.00,0.00,0,0
1422557828,s3-eth2,79266.00,3668422.00,3747688.00,3668422,79266,1201.00,2423.00,3624.00,2423,1201,0.00,0.00,0,0
1422557828,eth0,0.00,90.00,90.00,90,0,0.00,1.00,1.00,1,0,0.00,0.00,0,0
1422557828,lo,0.00,0.00,0.00,0,0,0.00,0.00,0.00,0,0,0.00,0.00,0,0
1422557828,total,11250176.00,11238088.00,22488264.00,11238088,11250176,10892.00,10884.00,21776.00,10884,10892,0.00,0.00,0,0
1422557829,s1-eth1,3831131.00,83538.46,3914669.50,83622,3834962,2530.47,1265.73,3796.20,1267,2533,0.00,0.00,0,0
1422557829,s1-eth2,83142.86,3831131.00,3914273.75,3834962,83226,1259.74,2530.47,3790.21,2533,1261,0.00,0.00,0,0
1422557829,s2-eth1,3812981.00,83076.92,3896058.00,83160,3816794,2518.48,1258.74,3777.22,1260,2521,0.00,0.00,0,0
1422557829,s2-eth2,83538.46,3831131.00,3914669.50,3834962,83622,1265.73,2530.47,3796.20,2533,1267,0.00,0.00,0,0
1422557829,s3-eth1,3800881.25,82549.45,3883430.75,82632,3804682,2510.49,1250.75,3761.24,1252,2513,0.00,0.00,0,0
1422557829,s3-eth2,82994.02,3809175.75,3892169.75,3816794,83160,1257.49,2515.97,3773.45,2521,1260,0.00,0.00,0,0
1422557829,eth0,0.00,141.72,141.72,142,0,0.00,1.00,1.00,1,0,0.00,0.00,0,0
1422557829,lo,0.00,0.00,0.00,0,0,0.00,0.00,0.00,0,0,0.00,0.00,0,0
1422557829,total,11683080.00,11712849.00,23395928.00,11736274,11706446,11332.34,11344.31,22676.65,11367,11355,0.00,0.00,0,0
1422557830,s1-eth1,3006867.50,66000.00,3072867.50,66198,3015888,1986.04,1000.00,2986.04,1003,1992,0.00,0.00,0,0
1422557830,s1-eth2,65078.77,2996301.00,3061380.00,3005290,65274,986.04,1979.06,2965.10,1985,989,0.00,0.00,0,0
1422557830,s2-eth1,3003848.50,66131.61,3069980.00,66330,3012860,1984.05,1001.99,2986.04,1005,1990,0.00,0.00,0,0
1422557830,s2-eth2,66000.00,3006867.50,3072867.50,3015888,66198,1000.00,1986.04,2986.04,1992,1003,0.00,0.00,0,0
1422557830,s3-eth1,3028000.00,65868.40,3093868.50,66066,3037084,2000.00,998.01,2998.01,1001,2006,0.00,0.00,0,0
1422557830,s3-eth2,66197.61,3006846.50,3073044.00,3012860,66330,1002.99,1986.03,2989.02,1990,1005,0.00,0.00,0,0
1422557830,eth0,89.82,119.76,209.58,120,90,1.00,2.00,2.99,2,1,0.00,0.00,0,0
1422557830,lo,0.00,0.00,0.00,0,0,0.00,0.00,0.00,0,0,0.00,0.00,0,0
1422557830,total,9245234.00,9214324.00,18459558.00,9232752,9263724,8968.06,8960.08,17928.14,8978,8986,0.00,0.00,0,0
1422557831,s1-eth1,3819822.00,83292.00,3903114.00,83292,3819822,2523.00,1262.00,3785.00,1262,2523,0.00,0.00,0,0
1422557831,s1-eth2,83688.00,3830420.00,3914108.00,3830420,83688,1268.00,2530.00,3798.00,2530,1268,0.00,0.00,0,0
1422557831,s2-eth1,3831934.00,83292.00,3915226.00,83292,3831934,2531.00,1262.00,3793.00,1262,2531,0.00,0.00,0,0
1422557831,s2-eth2,83292.00,3819822.00,3903114.00,3819822,83292,1262.00,2523.00,3785.00,2523,1262,0.00,0.00,0,0
1422557831,s3-eth1,3819822.00,83424.00,3903246.00,83424,3819822,2523.00,1264.00,3787.00,1264,2523,0.00,0.00,0,0
1422557831,s3-eth2,83292.00,3831934.00,3915226.00,3831934,83292,1262.00,2531.00,3793.00,2531,1262,0.00,0.00,0,0
1422557831,eth0,0.00,90.00,90.00,90,0,0.00,1.00,1.00,1,0,0.00,0.00,0,0
1422557831,lo,516.00,516.00,1032.00,516,516,9.00,9.00,18.00,9,9,0.00,0.00,0,0
1422557831,total,11722366.00,11732790.00,23455156.00,11732790,11722366,11378.00,11382.00,22760.00,11382,11378,0.00,0.00,0,0
1422557832,s1-eth1,3940942.00,85338.00,4026280.00,85338,3940942,2603.00,1293.00,3896.00,1293,2603,0.00,0.00,0,0
1422557832,s1-eth2,86196.00,3953054.00,4039250.00,3953054,86196,1306.00,2611.00,3917.00,2611,1306,0.00,0.00,0,0
1422557832,s2-eth1,3913690.00,85998.00,3999688.00,85998,3913690,2585.00,1303.00,3888.00,1303,2585,0.00,0.00,0,0
1422557832,s2-eth2,85338.00,3940942.00,4026280.00,3940942,85338,1293.00,2603.00,3896.00,2603,1293,0.00,0.00,0,0
1422557832,s3-eth1,3953054.00,86064.00,4039118.00,86064,3953054,2611.00,1304.00,3915.00,1304,2611,0.00,0.00,0,0
1422557832,s3-eth2,85998.00,3913690.00,3999688.00,3913690,85998,1303.00,2585.00,3888.00,2585,1303,0.00,0.00,0,0
1422557832,eth0,0.00,0.00,0.00,0,0,0.00,0.00,0.00,0,0,0.00,0.00,0,0
1422557832,lo,0.00,0.00,0.00,0,0,0.00,0.00,0.00,0,0,0.00,0.00,0,0
1422557832,total,12065218.00,12065086.00,24130304.00,12065086,12065218,11701.00,11699.00,23400.00,11699,11701,0.00,0.00,0,0
1422557833,s1-eth1,4101426.00,89628.00,4191054.00,89628,4101426,2709.00,1358.00,4067.00,1358,2709,0.00,0.00,0,0
1422557833,s1-eth2,88638.00,4089314.00,4177952.00,4089314,88638,1343.00,2701.00,4044.00,2701,1343,0.00,0.00,0,0
1422557833,s2-eth1,4101426.00,89034.00,4190460.00,89034,4101426,2709.00,1349.00,4058.00,1349,2709,0.00,0.00,0,0
1422557833,s2-eth2,89628.00,4101426.00,4191054.00,4101426,89628,1358.00,2709.00,4067.00,2709,1358,0.00,0.00,0,0
1422557833,s3-eth1,4069632.00,89166.00,4158798.00,89166,4069632,2688.00,1351.00,4039.00,1351,2688,0.00,0.00,0,0
1422557833,s3-eth2,89034.00,4101426.00,4190460.00,4101426,89034,1349.00,2709.00,4058.00,2709,1349,0.00,0.00,0,0
1422557833,eth0,0.00,0.00,0.00,0,0,0.00,0.00,0.00,0,0,0.00,0.00,0,0
1422557833,lo,0.00,0.00,0.00,0,0,0.00,0.00,0.00,0,0,0.00,0.00,0,0
1422557833,total,12539784.00,12559994.00,25099778.00,12559994,12539784,12156.00,12177.00,24333.00,12177,12156,0.00,0.00,0,0
1422557834,s1-eth1,4334789.50,94681.32,4429470.50,94776,4339124,2863.14,1434.57,4297.70,1436,2866,0.00,0.00,0,0
1422557834,s1-eth2,94747.26,4352939.00,4447686.50,4357292,94842,1435.56,2875.12,4310.69,2878,1437,0.00,0.00,0,0
1422557834,s2-eth1,4363526.50,95142.86,4458669.50,95238,4367890,2882.12,1441.56,4323.68,1443,2885,0.00,0.00,0,0
1422557834,s2-eth2,94681.32,4334789.50,4429470.50,4339124,94776,1434.57,2863.14,4297.70,2866,1436,0.00,0.00,0,0
1422557834,s3-eth1,4340839.50,94153.85,4434993.00,94248,4345180,2867.13,1426.57,4293.71,1428,2870,0.00,0.00,0,0
1422557834,s3-eth2,95142.86,4363526.50,4458669.50,4367890,95238,1441.56,2882.12,4323.68,2885,1443,0.00,0.00,0,0
1422557834,eth0,0.00,0.00,0.00,0,0,0.00,0.00,0.00,0,0,0.00,0.00,0,0
1422557834,lo,0.00,0.00,0.00,0,0,0.00,0.00,0.00,0,0,0.00,0.00,0,0
1422557834,total,13323727.00,13335233.00,26658960.00,13348568,13337050,12924.08,12923.08,25847.15,12936,12937,0.00,0.00,0,0
1422557835,s1-eth1,4796352.00,103818.00,4900170.00,103818,4796352,3168.00,1573.00,4741.00,1573,3168,0.00,0.00,0,0
1422557835,s1-eth2,103554.00,4814520.00,4918074.00,4814520,103554,1569.00,3180.00,4749.00,3180,1569,0.00,0.00,0,0
1422557835,s2-eth1,4763044.00,103356.00,4866400.00,103356,4763044,3146.00,1566.00,4712.00,1566,3146,0.00,0.00,0,0
1422557835,s2-eth2,103818.00,4796352.00,4900170.00,4796352,103818,1573.00,3168.00,4741.00,3168,1573,0.00,0.00,0,0
1422557835,s3-eth1,4794838.00,104544.00,4899382.00,104544,4794838,3167.00,1584.00,4751.00,1584,3167,0.00,0.00,0,0
1422557835,s3-eth2,103356.00,4763044.00,4866400.00,4763044,103356,1566.00,3146.00,4712.00,3146,1566,0.00,0.00,0,0
1422557835,eth0,60.00,202.00,262.00,202,60,1.00,2.00,3.00,2,1,0.00,0.00,0,0
1422557835,lo,0.00,0.00,0.00,0,0,0.00,0.00,0.00,0,0,0.00,0.00,0,0
1422557835,total,14665022.00,14685836.00,29350858.00,14685836,14665022,14190.00,14219.00,28409.00,14219,14190,0.00,0.00,0,0
1422557836,s1-eth1,5186964.00,112134.00,5299098.00,112134,5186964,3426.00,1699.00,5125.00,1699,3426,0.00,0.00,0,0
1422557836,s1-eth2,112134.00,5189992.00,5302126.00,5189992,112134,1699.00,3428.00,5127.00,3428,1699,0.00,0.00,0,0
1422557836,s2-eth1,5186964.00,112728.00,5299692.00,112728,5186964,3426.00,1708.00,5134.00,1708,3426,0.00,0.00,0,0
1422557836,s2-eth2,112134.00,5186964.00,5299098.00,5186964,112134,1699.00,3426.00,5125.00,3426,1699,0.00,0.00,0,0
1422557836,s3-eth1,5161226.00,112068.00,5273294.00,112068,5161226,3409.00,1698.00,5107.00,1698,3409,0.00,0.00,0,0
1422557836,s3-eth2,112615.39,5181782.50,5294397.50,5186964,112728,1706.29,3422.58,5128.87,3426,1708,0.00,0.00,0,0
1422557836,eth0,0.00,0.00,0.00,0,0,0.00,0.00,0.00,0,0,0.00,0.00,0,0
1422557836,lo,515.48,515.48,1030.97,516,516,8.99,8.99,17.98,9,9,0.00,0.00,0,0
1422557836,total,15856810.00,15885481.00,31742290.00,15901366,15872666,15360.64,15378.62,30739.26,15394,15376,0.00,0.00,0,0
1422557837,s1-eth1,5641163.00,120461.54,5761624.50,120582,5646804,3726.27,1825.17,5551.45,1827,3730,0.00,0.00,0,0
1422557837,s1-eth2,120461.54,5635113.00,5755574.50,5640748,120582,1825.17,3722.28,5547.45,3726,1827,0.00,0.00,0,0
1422557837,s2-eth1,5639650.50,120527.48,5760178.00,120648,5645290,3725.27,1826.17,5551.45,1828,3729,0.00,0.00,0,0
1422557837,s2-eth2,120461.54,5641163.00,5761624.50,5646804,120582,1825.17,3726.27,5551.45,3730,1827,0.00,0.00,0,0
1422557837,s3-eth1,5633600.50,120329.67,5753930.00,120450,5639234,3721.28,1823.18,5544.46,1825,3725,0.00,0.00,0,0
1422557837,s3-eth2,120648.00,5645290.00,5765938.00,5645290,120648,1828.00,3729.00,5557.00,3729,1828,0.00,0.00,0,0
1422557837,eth0,0.00,120.00,120.00,120,0,0.00,2.00,2.00,2,0,0.00,0.00,0,0
1422557837,lo,0.00,0.00,0.00,0,0,0.00,0.00,0.00,0,0,0.00,0.00,0,0
1422557837,total,17293140.00,17294642.00,34587784.00,17294642,17293140,16666.00,16667.00,33333.00,16667,16666,0.00,0.00,0,0
1422557838,s1-eth1,6180176.00,131406.00,6311582.00,131406,6180176,4084.00,1991.00,6075.00,1991,4084,0.00,0.00,0,0
1422557838,s1-eth2,131406.00,6180176.00,6311582.00,6180176,131406,1991.00,4084.00,6075.00,4084,1991,0.00,0.00,0,0
1422557838,s2-eth1,6172606.00,131142.00,6303748.00,131142,6172606,4079.00,1987.00,6066.00,1987,4079,0.00,0.00,0,0
1422557838,s2-eth2,131406.00,6180176.00,6311582.00,6180176,131406,1991.00,4084.00,6075.00,4084,1991,0.00,0.00,0,0
1422557838,s3-eth1,6168064.00,132198.00,6300262.00,132198,6168064,4076.00,2003.00,6079.00,2003,4076,0.00,0.00,0,0
1422557838,s3-eth2,131142.00,6172606.00,6303748.00,6172606,131142,1987.00,4079.00,6066.00,4079,1987,0.00,0.00,0,0
1422557838,eth0,0.00,0.00,0.00,0,0,0.00,0.00,0.00,0,0,0.00,0.00,0,0
1422557838,lo,0.00,0.00,0.00,0,0,0.00,0.00,0.00,0,0,0.00,0.00,0,0
1422557838,total,18914800.00,18927704.00,37842504.00,18927704,18914800,18208.00,18228.00,36436.00,18228,18208,0.00,0.00,0,0
1422557839,s1-eth1,5940816.50,128574.85,6069391.50,128832,5952698,3925.15,1948.10,5873.25,1952,3933,0.00,0.00,0,0
1422557839,s1-eth2,128574.85,5940816.50,6069391.50,5952698,128832,1948.10,3925.15,5873.25,3933,1952,0.00,0.00,0,0
1422557839,s2-eth1,5943838.50,128838.33,6072677.00,129096,5955726,3927.15,1952.10,5879.24,1956,3935,0.00,0.00,0,0
1422557839,s2-eth2,128574.85,5940816.50,6069391.50,5952698,128832,1948.10,3925.15,5873.25,3933,1952,0.00,0.00,0,0
1422557839,s3-eth1,5945349.50,128838.33,6074188.00,129096,5957240,3928.14,1952.10,5880.24,1956,3936,0.00,0.00,0,0
1422557839,s3-eth2,128838.33,5943838.50,6072677.00,5955726,129096,1952.10,3927.15,5879.24,3935,1956,0.00,0.00,0,0
1422557839,eth0,0.00,289.42,289.42,290,0,0.00,2.00,2.00,2,0,0.00,0.00,0,0
1422557839,lo,0.00,0.00,0.00,0,0,0.00,0.00,0.00,0,0,0.00,0.00,0,0
1422557839,total,18215992.00,18212012.00,36428004.00,18248436,18252424,17628.74,17631.74,35260.48,17667,17664,0.00,0.00,0,0
1422557840,s1-eth1,6134148.00,133386.00,6267534.00,133386,6134148,4054.00,2021.00,6075.00,2021,4054,0.00,0.00,0,0
1422557840,s1-eth2,133320.00,6132634.00,6265954.00,6132634,133320,2020.00,4053.00,6073.00,4053,2020,0.00,0.00,0,0
1422557840,s2-eth1,6135662.00,133386.00,6269048.00,133386,6135662,4055.00,2021.00,6076.00,2021,4055,0.00,0.00,0,0
1422557840,s2-eth2,133386.00,6134148.00,6267534.00,6134148,133386,2021.00,4054.00,6075.00,4054,2021,0.00,0.00,0,0
1422557840,s3-eth1,6138690.00,133320.00,6272010.00,133320,6138690,4057.00,2020.00,6077.00,2020,4057,0.00,0.00,0,0
1422557840,s3-eth2,133386.00,6135662.00,6269048.00,6135662,133386,2021.00,4055.00,6076.00,4055,2021,0.00,0.00,0,0
1422557840,eth0,0.00,0.00,0.00,0,0,0.00,0.00,0.00,0,0,0.00,0.00,0,0
1422557840,lo,0.00,0.00,0.00,0,0,0.00,0.00,0.00,0,0,0.00,0.00,0,0
1422557840,total,18808592.00,18802536.00,37611128.00,18802536,18808592,18228.00,18224.00,36452.00,18224,18228,0.00,0.00,0,0
1422557841,s1-eth1,6249210.00,136422.00,6385632.00,136422,6249210,4133.00,2067.00,6200.00,2067,4133,0.00,0.00,0,0
1422557841,s1-eth2,136488.00,6252238.00,6388726.00,6252238,136488,2068.00,4135.00,6203.00,4135,2068,0.00,0.00,0,0
1422557841,s2-eth1,6250724.00,136422.00,6387146.00,136422,6250724,4134.00,2067.00,6201.00,2067,4134,0.00,0.00,0,0
1422557841,s2-eth2,136422.00,6249210.00,6385632.00,6249210,136422,2067.00,4133.00,6200.00,4133,2067,0.00,0.00,0,0
1422557841,s3-eth1,6250724.00,136488.00,6387212.00,136488,6250724,4134.00,2068.00,6202.00,2068,4134,0.00,0.00,0,0
1422557841,s3-eth2,136422.00,6250724.00,6387146.00,6250724,136422,2067.00,4134.00,6201.00,4134,2067,0.00,0.00,0,0
1422557841,eth0,0.00,0.00,0.00,0,0,0.00,0.00,0.00,0,0,0.00,0.00,0,0
1422557841,lo,516.00,516.00,1032.00,516,516,9.00,9.00,18.00,9,9,0.00,0.00,0,0
1422557841,total,19160506.00,19162020.00,38322528.00,19162020,19160506,18612.00,18613.00,37225.00,18613,18612,0.00,0.00,0,0
1422557842,s1-eth1,5790360.00,125664.00,5916024.00,125664,5790360,3828.00,1904.00,5732.00,1904,3828,0.00,0.00,0,0
1422557842,s1-eth2,125730.00,5782790.00,5908520.00,5782790,125730,1905.00,3823.00,5728.00,3823,1905,0.00,0.00,0,0
1422557842,s2-eth1,5787332.00,125664.00,5912996.00,125664,5787332,3826.00,1904.00,5730.00,1904,3826,0.00,0.00,0,0
1422557842,s2-eth2,125664.00,5790360.00,5916024.00,5790360,125664,1904.00,3828.00,5732.00,3828,1904,0.00,0.00,0,0
1422557842,s3-eth1,5799444.00,125664.00,5925108.00,125664,5799444,3834.00,1904.00,5738.00,1904,3834,0.00,0.00,0,0
1422557842,s3-eth2,125664.00,5787332.00,5912996.00,5787332,125664,1904.00,3826.00,5730.00,3826,1904,0.00,0.00,0,0
1422557842,eth0,0.00,456.00,456.00,456,0,0.00,3.00,3.00,3,0,0.00,0.00,0,0
1422557842,lo,0.00,0.00,0.00,0,0,0.00,0.00,0.00,0,0,0.00,0.00,0,0
1422557842,total,17754194.00,17737930.00,35492124.00,17737930,17754194,17201.00,17192.00,34393.00,17192,17201,0.00,0.00,0,0
1422557843,s1-eth1,6112018.00,132726.00,6244744.00,132726,6112018,4037.00,2011.00,6048.00,2011,4037,0.00,0.00,0,0
1422557843,s1-eth2,132594.00,6118074.00,6250668.00,6118074,132594,2009.00,4041.00,6050.00,4041,2009,0.00,0.00,0,0
1422557843,s2-eth1,6115046.00,132726.00,6247772.00,132726,6115046,4039.00,2011.00,6050.00,2011,4039,0.00,0.00,0,0
1422557843,s2-eth2,132726.00,6112018.00,6244744.00,6112018,132726,2011.00,4037.00,6048.00,4037,2011,0.00,0.00,0,0
1422557843,s3-eth1,6096837.50,132461.55,6229299.00,132594,6102934,4026.97,2006.99,6033.97,2009,4031,0.00,0.00,0,0
1422557843,s3-eth2,132593.41,6108937.00,6241530.50,6115046,132726,2008.99,4034.97,6043.96,4039,2011,0.00,0.00,0,0
1422557843,eth0,0.00,0.00,0.00,0,0,0.00,0.00,0.00,0,0,0.00,0.00,0,0
1422557843,lo,0.00,0.00,0.00,0,0,0.00,0.00,0.00,0,0,0.00,0.00,0,0
1422557843,total,18709336.00,18724460.00,37433796.00,18743184,18728044,18119.88,18129.87,36249.75,18148,18138,0.00,0.00,0,0
1422557844,s1-eth1,6178511.50,134307.70,6312819.50,134442,6184690,4080.92,2034.97,6115.88,2037,4085,0.00,0.00,0,0
1422557844,s1-eth2,134307.70,6181536.50,6315844.50,6187718,134442,2034.97,4082.92,6117.88,4087,2037,0.00,0.00,0,0
1422557844,s2-eth1,6176999.00,134373.62,6311373.00,134508,6183176,4079.92,2035.96,6115.88,2038,4084,0.00,0.00,0,0
1422557844,s2-eth2,134307.70,6178511.50,6312819.50,6184690,134442,2034.97,4080.92,6115.88,4085,2037,0.00,0.00,0,0
1422557844,s3-eth1,6173974.00,134703.30,6308677.50,134838,6180148,4077.92,2040.96,6118.88,2043,4082,0.00,0.00,0,0
1422557844,s3-eth2,134373.62,6176999.00,6311373.00,6183176,134508,2035.96,4079.92,6115.88,4084,2038,0.00,0.00,0,0
1422557844,eth0,0.00,119.88,119.88,120,0,0.00,2.00,2.00,2,0,0.00,0.00,0,0
1422557844,lo,0.00,0.00,0.00,0,0,0.00,0.00,0.00,0,0,0.00,0.00,0,0
1422557844,total,18932474.00,18940552.00,37873024.00,18959492,18951406,18344.66,18357.64,36702.30,18376,18363,0.00,0.00,0,0
1422557845,s1-eth1,6233138.00,136092.00,6369230.00,136092,6233138,4117.00,2062.00,6179.00,2062,4117,0.00,0.00,0,0
1422557845,s1-eth2,136290.00,6228596.00,6364886.00,6228596,136290,2065.00,4114.00,6179.00,4114,2065,0.00,0.00,0,0
1422557845,s2-eth1,6236166.00,136158.00,6372324.00,136158,6236166,4119.00,2063.00,6182.00,2063,4119,0.00,0.00,0,0
1422557845,s2-eth2,136092.00,6233138.00,6369230.00,6233138,136092,2062.00,4117.00,6179.00,4117,2062,0.00,0.00,0,0
1422557845,s3-eth1,6239194.00,135960.00,6375154.00,135960,6239194,4121.00,2060.00,6181.00,2060,4121,0.00,0.00,0,0
1422557845,s3-eth2,136158.00,6236166.00,6372324.00,6236166,136158,2063.00,4119.00,6182.00,4119,2063,0.00,0.00,0,0
1422557845,eth0,0.00,86.00,86.00,86,0,0.00,1.00,1.00,1,0,0.00,0.00,0,0
1422557845,lo,0.00,0.00,0.00,0,0,0.00,0.00,0.00,0,0,0.00,0.00,0,0
1422557845,total,19117038.00,19106196.00,38223232.00,19106196,19117038,18547.00,18536.00,37083.00,18536,18547,0.00,0.00,0,0
1422557846,s1-eth1,6176807.50,134835.17,6311642.50,134970,6182984,4079.92,2042.96,6122.88,2045,4084,0.00,0.00,0,0
1422557846,s1-eth2,134373.62,6178553.50,6312927.00,6184732,134508,2035.96,4081.92,6117.88,4086,2038,0.00,0.00,0,0
1422557846,s2-eth1,6178320.00,134439.56,6312759.50,134574,6184498,4080.92,2036.96,6117.88,2039,4085,0.00,0.00,0,0
1422557846,s2-eth2,134835.17,6176807.50,6311642.50,6182984,134970,2042.96,4079.92,6122.88,4084,2045,0.00,0.00,0,0
1422557846,s3-eth1,6178320.00,134439.56,6312759.50,134574,6184498,4080.92,2036.96,6117.88,2039,4085,0.00,0.00,0,0
1422557846,s3-eth2,134439.56,6178320.00,6312759.50,6184498,134574,2036.96,4080.92,6117.88,4085,2039,0.00,0.00,0,0
1422557846,eth0,0.00,201.80,201.80,202,0,0.00,2.00,2.00,2,0,0.00,0.00,0,0
1422557846,lo,515.48,515.48,1030.97,516,516,8.99,8.99,17.98,9,9,0.00,0.00,0,0
1422557846,total,18937610.00,18938112.00,37875724.00,18957050,18956548,18366.63,18370.63,36737.26,18389,18385,0.00,0.00,0,0
1422557847,s1-eth1,6112841.50,132065.94,6244907.50,132198,6118954,4040.96,2001.00,6041.96,2003,4045,0.00,0.00,0,0
1422557847,s1-eth2,132329.67,6112607.50,6244937.00,6118720,132462,2005.00,4039.96,6044.96,4044,2007,0.00,0.00,0,0
1422557847,s2-eth1,6109816.50,132329.67,6242146.00,132462,6115926,4038.96,2005.00,6043.96,2007,4043,0.00,0.00,0,0
1422557847,s2-eth2,132065.94,6112841.50,6244907.50,6118954,132198,2001.00,4040.96,6041.96,4045,2003,0.00,0.00,0,0
1422557847,s3-eth1,6105279.00,132329.67,6237608.50,132462,6111384,4035.96,2005.00,6040.96,2007,4040,0.00,0.00,0,0
1422557847,s3-eth2,132329.67,6109816.50,6242146.00,6115926,132462,2005.00,4038.96,6043.96,4043,2007,0.00,0.00,0,0
1422557847,eth0,0.00,0.00,0.00,0,0,0.00,0.00,0.00,0,0,0.00,0.00,0,0
1422557847,lo,0.00,0.00,0.00,0,0,0.00,0.00,0.00,0,0,0.00,0.00,0,0
1422557847,total,18724662.00,18731990.00,37456652.00,18750722,18743386,18126.87,18130.87,36257.74,18149,18145,0.00,0.00,0,0
1422557848,s1-eth1,6246255.50,136215.58,6382471.00,136488,6258748,4125.75,2063.87,6189.62,2068,4134,0.00,0.00,0,0
1422557848,s1-eth2,136281.44,6250788.50,6387070.00,6263290,136554,2064.87,4128.74,6193.61,4137,2069,0.00,0.00,0,0
1422557848,s2-eth1,6247766.50,136215.58,6383982.00,136488,6260262,4126.75,2063.87,6190.62,2068,4135,0.00,0.00,0,0
1422557848,s2-eth2,136215.58,6246255.50,6382471.00,6258748,136488,2063.87,4125.75,6189.62,4134,2068,0.00,0.00,0,0
1422557848,s3-eth1,6250788.50,136215.58,6387004.00,136488,6263290,4128.74,2063.87,6192.61,2068,4137,0.00,0.00,0,0
1422557848,s3-eth2,136215.58,6247766.50,6383982.00,6260262,136488,2063.87,4126.75,6190.62,4135,2068,0.00,0.00,0,0
1422557848,eth0,0.00,0.00,0.00,0,0,0.00,0.00,0.00,0,0,0.00,0.00,0,0
1422557848,lo,0.00,0.00,0.00,0,0,0.00,0.00,0.00,0,0,0.00,0.00,0,0
1422557848,total,19153524.00,19153458.00,38306980.00,19191764,19191830,18573.85,18572.85,37146.71,18610,18611,0.00,0.00,0,0
1422557849,s1-eth1,6244427.50,136153.84,6380581.50,136290,6250672,4127.87,2062.94,6190.81,2065,4132,0.00,0.00,0,0
1422557849,s1-eth2,136153.84,6239890.50,6376044.00,6246130,136290,2062.94,4124.88,6187.81,4129,2065,0.00,0.00,0,0
1422557849,s2-eth1,6238378.00,136153.84,6374531.50,136290,6244616,4123.88,2062.94,6186.81,2065,4128,0.00,0.00,0,0
1422557849,s2-eth2,136153.84,6244427.50,6380581.50,6250672,136290,2062.94,4127.87,6190.81,4132,2065,0.00,0.00,0,0
1422557849,s3-eth1,6239890.50,136153.84,6376044.00,136290,6246130,4124.88,2062.94,6187.81,2065,4129,0.00,0.00,0,0
1422557849,s3-eth2,136153.84,6238378.00,6374531.50,6244616,136290,2062.94,4123.88,6186.81,4128,2065,0.00,0.00,0,0
1422557849,eth0,0.00,0.00,0.00,0,0,0.00,0.00,0.00,0,0,0.00,0.00,0,0
1422557849,lo,0.00,0.00,0.00,0,0,0.00,0.00,0.00,0,0,0.00,0.00,0,0
1422557849,total,19131158.00,19131158.00,38262316.00,19150288,19150288,18565.44,18565.44,37130.87,18584,18584,0.00,0.00,0,0
1422557850,s1-eth1,6254334.00,136422.00,6390756.00,136422,6254334,4131.00,2067.00,6198.00,2067,4131,0.00,0.00,0,0
1422557850,s1-eth2,136356.00,6254334.00,6390690.00,6254334,136356,2066.00,4131.00,6197.00,4131,2066,0.00,0.00,0,0
1422557850,s2-eth1,6260390.00,136422.00,6396812.00,136422,6260390,4135.00,2067.00,6202.00,2067,4135,0.00,0.00,0,0
1422557850,s2-eth2,136422.00,6254334.00,6390756.00,6254334,136422,2067.00,4131.00,6198.00,4131,2067,0.00,0.00,0,0
1422557850,s3-eth1,6258876.00,136422.00,6395298.00,136422,6258876,4134.00,2067.00,6201.00,2067,4134,0.00,0.00,0,0
1422557850,s3-eth2,136422.00,6260390.00,6396812.00,6260390,136422,2067.00,4135.00,6202.00,4135,2067,0.00,0.00,0,0
1422557850,eth0,0.00,0.00,0.00,0,0,0.00,0.00,0.00,0,0,0.00,0.00,0,0
1422557850,lo,0.00,0.00,0.00,0,0,0.00,0.00,0.00,0,0,0.00,0.00,0,0
1422557850,total,19182800.00,19178324.00,38361124.00,19178324,19182800,18600.00,18598.00,37198.00,18598,18600,0.00,0.00,0,0
1422557851,s1-eth1,1050070.00,29964.00,1080034.00,29964,1050070,695.00,454.00,1149.00,454,695,0.00,0.00,0,0
1422557851,s1-eth2,31416.00,986482.00,1017898.00,986482,31416,476.00,653.00,1129.00,653,476,0.00,0.00,0,0
1422557851,s2-eth1,1113658.00,28578.00,1142236.00,28578,1113658,737.00,433.00,1170.00,433,737,0.00,0.00,0,0
1422557851,s2-eth2,29964.00,1050070.00,1080034.00,1050070,29964,454.00,695.00,1149.00,695,454,0.00,0.00,0,0
1422557851,s3-eth1,1178760.00,27192.00,1205952.00,27192,1178760,780.00,412.00,1192.00,412,780,0.00,0.00,0,0
1422557851,s3-eth2,28578.00,1113658.00,1142236.00,1113658,28578,433.00,737.00,1170.00,737,433,0.00,0.00,0,0
1422557851,eth0,0.00,0.00,0.00,0,0,0.00,0.00,0.00,0,0,0.00,0.00,0,0
1422557851,lo,516.00,516.00,1032.00,516,516,9.00,9.00,18.00,9,9,0.00,0.00,0,0
1422557851,total,3432962.00,3236460.00,6669422.00,3236460,3432962,3584.00,3393.00,6977.00,3393,3584,0.00,0.00,0,0
1422557852,s1-eth1,0.00,0.00,0.00,0,0,0.00,0.00,0.00,0,0,0.00,0.00,0,0
1422557852,s1-eth2,0.00,0.00,0.00,0,0,0.00,0.00,0.00,0,0,0.00,0.00,0,0
1422557852,s2-eth1,0.00,0.00,0.00,0,0,0.00,0.00,0.00,0,0,0.00,0.00,0,0
1422557852,s2-eth2,0.00,0.00,0.00,0,0,0.00,0.00,0.00,0,0,0.00,0.00,0,0
1422557852,s3-eth1,0.00,0.00,0.00,0,0,0.00,0.00,0.00,0,0,0.00,0.00,0,0
1422557852,s3-eth2,0.00,0.00,0.00,0,0,0.00,0.00,0.00,0,0,0.00,0.00,0,0
1422557852,eth0,0.00,120.00,120.00,120,0,0.00,2.00,2.00,2,0,0.00,0.00,0,0
1422557852,lo,0.00,0.00,0.00,0,0,0.00,0.00,0.00,0,0,0.00,0.00,0,0
1422557852,total,0.00,120.00,120.00,120,0,0.00,2.00,2.00,2,0,0.00,0.00,0,0
1422557853,s1-eth1,0.00,0.00,0.00,0,0,0.00,0.00,0.00,0,0,0.00,0.00,0,0
1422557853,s1-eth2,0.00,0.00,0.00,0,0,0.00,0.00,0.00,0,0,0.00,0.00,0,0
1422557853,s2-eth1,0.00,0.00,0.00,0,0,0.00,0.00,0.00,0,0,0.00,0.00,0,0
1422557853,s2-eth2,0.00,0.00,0.00,0,0,0.00,0.00,0.00,0,0,0.00,0.00,0,0
1422557853,s3-eth1,0.00,0.00,0.00,0,0,0.00,0.00,0.00,0,0,0.00,0.00,0,0
1422557853,s3-eth2,0.00,0.00,0.00,0,0,0.00,0.00,0.00,0,0,0.00,0.00,0,0
1422557853,eth0,0.00,141.86,141.86,142,0,0.00,1.00,1.00,1,0,0.00,0.00,0,0
1422557853,lo,0.00,0.00,0.00,0,0,0.00,0.00,0.00,0,0,0.00,0.00,0,0
1422557853,total,0.00,141.86,141.86,142,0,0.00,1.00,1.00,1,0,0.00,0.00,0,0
1422557854,s1-eth1,41.96,41.96,83.92,42,42,1.00,1.00,2.00,1,1,0.00,0.00,0,0
1422557854,s1-eth2,41.96,41.96,83.92,42,42,1.00,1.00,2.00,1,1,0.00,0.00,0,0
1422557854,s2-eth1,41.96,41.96,83.92,42,42,1.00,1.00,2.00,1,1,0.00,0.00,0,0
1422557854,s2-eth2,41.96,41.96,83.92,42,42,1.00,1.00,2.00,1,1,0.00,0.00,0,0
1422557854,s3-eth1,41.96,41.96,83.92,42,42,1.00,1.00,2.00,1,1,0.00,0.00,0,0
1422557854,s3-eth2,42.00,42.00,84.00,42,42,1.00,1.00,2.00,1,1,0.00,0.00,0,0
1422557854,eth0,0.00,0.00,0.00,0,0,0.00,0.00,0.00,0,0,0.00,0.00,0,0
1422557854,lo,0.00,0.00,0.00,0,0,0.00,0.00,0.00,0,0,0.00,0.00,0,0
1422557854,total,252.00,252.00,504.00,252,252,6.00,6.00,12.00,6,6,0.00,0.00,0,0
1422557855,s1-eth1,0.00,0.00,0.00,0,0,0.00,0.00,0.00,0,0,0.00,0.00,0,0
1422557855,s1-eth2,0.00,0.00,0.00,0,0,0.00,0.00,0.00,0,0,0.00,0.00,0,0
1422557855,s2-eth1,0.00,0.00,0.00,0,0,0.00,0.00,0.00,0,0,0.00,0.00,0,0
1422557855,s2-eth2,0.00,0.00,0.00,0,0,0.00,0.00,0.00,0,0,0.00,0.00,0,0
1422557855,s3-eth1,0.00,0.00,0.00,0,0,0.00,0.00,0.00,0,0,0.00,0.00,0,0
1422557855,s3-eth2,0.00,0.00,0.00,0,0,0.00,0.00,0.00,0,0,0.00,0.00,0,0
1422557855,eth0,0.00,0.00,0.00,0,0,0.00,0.00,0.00,0,0,0.00,0.00,0,0
1422557855,lo,0.00,0.00,0.00,0,0,0.00,0.00,0.00,0,0,0.00,0.00,0,0
1422557855,total,0.00,0.00,0.00,0,0,0.00,0.00,0.00,0,0,0.00,0.00,0,0
1422557856,s1-eth1,0.00,0.00,0.00,0,0,0.00,0.00,0.00,0,0,0.00,0.00,0,0
1422557856,s1-eth2,0.00,0.00,0.00,0,0,0.00,0.00,0.00,0,0,0.00,0.00,0,0
1422557856,s2-eth1,0.00,0.00,0.00,0,0,0.00,0.00,0.00,0,0,0.00,0.00,0,0
1422557856,s2-eth2,0.00,0.00,0.00,0,0,0.00,0.00,0.00,0,0,0.00,0.00,0,0
1422557856,s3-eth1,0.00,0.00,0.00,0,0,0.00,0.00,0.00,0,0,0.00,0.00,0,0
1422557856,s3-eth2,0.00,0.00,0.00,0,0,0.00,0.00,0.00,0,0,0.00,0.00,0,0
1422557856,eth0,0.00,0.00,0.00,0,0,0.00,0.00,0.00,0,0,0.00,0.00,0,0
1422557856,lo,516.00,516.00,1032.00,516,516,9.00,9.00,18.00,9,9,0.00,0.00,0,0
1422557856,total,516.00,516.00,1032.00,516,516,9.00,9.00,18.00,9,9,0.00,0.00,0,0
1422557857,s1-eth1,0.00,0.00,0.00,0,0,0.00,0.00,0.00,0,0,0.00,0.00,0,0
1422557857,s1-eth2,0.00,0.00,0.00,0,0,0.00,0.00,0.00,0,0,0.00,0.00,0,0
1422557857,s2-eth1,0.00,0.00,0.00,0,0,0.00,0.00,0.00,0,0,0.00,0.00,0,0
1422557857,s2-eth2,0.00,0.00,0.00,0,0,0.00,0.00,0.00,0,0,0.00,0.00,0,0
1422557857,s3-eth1,0.00,0.00,0.00,0,0,0.00,0.00,0.00,0,0,0.00,0.00,0,0
1422557857,s3-eth2,0.00,0.00,0.00,0,0,0.00,0.00,0.00,0,0,0.00,0.00,0,0
1422557857,eth0,0.00,0.00,0.00,0,0,0.00,0.00,0.00,0,0,0.00,0.00,0,0
1422557857,lo,0.00,0.00,0.00,0,0,0.00,0.00,0.00,0,0,0.00,0.00,0,0
1422557857,total,0.00,0.00,0.00,0,0,0.00,0.00,0.00,0,0,0.00,0.00,0,0
1422557858,s1-eth1,0.00,0.00,0.00,0,0,0.00,0.00,0.00,0,0,0.00,0.00,0,0
1422557858,s1-eth2,0.00,0.00,0.00,0,0,0.00,0.00,0.00,0,0,0.00,0.00,0,0
1422557858,s2-eth1,0.00,0.00,0.00,0,0,0.00,0.00,0.00,0,0,0.00,0.00,0,0
1422557858,s2-eth2,0.00,0.00,0.00,0,0,0.00,0.00,0.00,0,0,0.00,0.00,0,0
1422557858,s3-eth1,0.00,0.00,0.00,0,0,0.00,0.00,0.00,0,0,0.00,0.00,0,0
