1423516140,s1-eth1,0.00,0.00,0.00,0,0,0.00,0.00,0.00,0,0,0.00,0.00,0,0
1423516140,s1-eth3,0.00,0.00,0.00,0,0,0.00,0.00,0.00,0,0,0.00,0.00,0,0
1423516140,s1-eth2,0.00,0.00,0.00,0,0,0.00,0.00,0.00,0,0,0.00,0.00,0,0
1423516140,s2-eth1,0.00,0.00,0.00,0,0,0.00,0.00,0.00,0,0,0.00,0.00,0,0
1423516140,s2-eth3,0.00,0.00,0.00,0,0,0.00,0.00,0.00,0,0,0.00,0.00,0,0
1423516140,s2-eth2,0.00,0.00,0.00,0,0,0.00,0.00,0.00,0,0,0.00,0.00,0,0
1423516140,s3-eth1,0.00,0.00,0.00,0,0,0.00,0.00,0.00,0,0,0.00,0.00,0,0
1423516140,s3-eth2,0.00,0.00,0.00,0,0,0.00,0.00,0.00,0,0,0.00,0.00,0,0
1423516140,eth0,0.00,0.00,0.00,0,0,0.00,0.00,0.00,0,0,0.00,0.00,0,0
1423516140,lo,0.00,0.00,0.00,0,0,0.00,0.00,0.00,0,0,0.00,0.00,0,0
1423516140,total,0.00,0.00,0.00,0,0,0.00,0.00,0.00,0,0,0.00,0.00,0,0
1423516141,s1-eth1,1251926.00,28776.00,1280702.00,28776,1251926,831.00,436.00,1267.00,436,831,0.00,0.00,0,0
1423516141,s1-eth3,18282.00,809594.00,827876.00,809594,18282,277.00,537.00,814.00,537,277,0.00,0.00,0,0
1423516141,s1-eth2,10494.00,468070.00,478564.00,468070,10494,159.00,311.00,470.00,311,159,0.00,0.00,0,0
1423516141,s2-eth1,809594.00,18282.00,827876.00,18282,809594,537.00,277.00,814.00,277,537,0.00,0.00,0,0
1423516141,s2-eth3,9240.00,411234.00,420474.00,411234,9240,140.00,273.00,413.00,273,140,0.00,0.00,0,0
1423516141,s2-eth2,8976.00,398360.00,407336.00,398360,8976,136.00,264.00,400.00,264,136,0.00,0.00,0,0
1423516141,s3-eth1,411234.00,9240.00,420474.00,9240,411234,273.00,140.00,413.00,140,273,0.00,0.00,0,0
1423516141,s3-eth2,9240.00,411234.00,420474.00,411234,9240,140.00,273.00,413.00,273,140,0.00,0.00,0,0
1423516141,eth0,206.00,500.00,706.00,500,206,2.00,5.00,7.00,5,2,0.00,0.00,0,0
1423516141,lo,0.00,0.00,0.00,0,0,0.00,0.00,0.00,0,0,0.00,0.00,0,0
1423516141,total,2529192.00,2555290.00,5084482.00,2555290,2529192,2495.00,2516.00,5011.00,2516,2495,0.00,0.00,0,0
1423516142,s1-eth1,1250446.00,28248.00,1278694.00,28248,1250446,831.00,428.00,1259.00,428,831,0.00,0.00,0,0
1423516142,s1-eth3,17688.00,792278.00,809966.00,792278,17688,268.00,527.00,795.00,527,268,0.00,0.00,0,0
1423516142,s1-eth2,10650.00,472612.00,483262.00,472612,10650,161.00,314.00,475.00,314,161,0.00,0.00,0,0
1423516142,s2-eth1,792278.00,17688.00,809966.00,17688,792278,527.00,268.00,795.00,268,527,0.00,0.00,0,0
1423516142,s2-eth3,8802.00,394580.00,403382.00,394580,8802,133.00,262.00,395.00,262,133,0.00,0.00,0,0
1423516142,s2-eth2,8976.00,397698.00,406674.00,397698,8976,136.00,265.00,401.00,265,136,0.00,0.00,0,0
1423516142,s3-eth1,394580.00,8802.00,403382.00,8802,394580,262.00,133.00,395.00,133,262,0.00,0.00,0,0
1423516142,s3-eth2,8802.00,394580.00,403382.00,394580,8802,133.00,262.00,395.00,262,133,0.00,0.00,0,0
1423516142,eth0,206.00,268.00,474.00,268,206,2.00,3.00,5.00,3,2,0.00,0.00,0,0
1423516142,lo,864.00,864.00,1728.00,864,864,9.00,9.00,18.00,9,9,0.00,0.00,0,0
1423516142,total,2493292.00,2507618.00,5000910.00,2507618,2493292,2462.00,2471.00,4933.00,2471,2462,0.00,0.00,0,0
1423516143,s1-eth1,1250356.00,28512.00,1278868.00,28512,1250356,830.00,432.00,1262.00,432,830,0.00,0.00,0,0
1423516143,s1-eth3,18154.00,805814.00,823968.00,805814,18154,275.00,535.00,810.00,535,275,0.00,0.00,0,0
1423516143,s1-eth2,10362.00,470350.00,480712.00,470350,10362,157.00,313.00,470.00,313,157,0.00,0.00,0,0
1423516143,s2-eth1,805814.00,18154.00,823968.00,18154,805814,535.00,275.00,810.00,275,535,0.00,0.00,0,0
1423516143,s2-eth3,8782.00,383982.00,392764.00,383982,8782,133.00,255.00,388.00,255,133,0.00,0.00,0,0
1423516143,s2-eth2,9508.00,421832.00,431340.00,421832,9508,144.00,280.00,424.00,280,144,0.00,0.00,0,0
1423516143,s3-eth1,383982.00,8782.00,392764.00,8782,383982,255.00,133.00,388.00,133,255,0.00,0.00,0,0
1423516143,s3-eth2,8782.00,383982.00,392764.00,383982,8782,133.00,255.00,388.00,255,133,0.00,0.00,0,0
1423516143,eth0,146.00,66.00,212.00,66,146,1.00,1.00,2.00,1,1,0.00,0.00,0,0
1423516143,lo,804.00,804.00,1608.00,804,804,9.00,9.00,18.00,9,9,0.00,0.00,0,0
1423516143,total,2496690.00,2522278.00,5018968.00,2522278,2496690,2472.00,2488.00,4960.00,2488,2472,0.00,0.00,0,0
1423516144,s1-eth1,1251286.00,28252.00,1279538.00,28252,1251286,833.00,428.00,1261.00,428,833,0.00,0.00,0,0
1423516144,s1-eth3,18394.00,825720.00,844114.00,825720,18394,279.00,552.00,831.00,552,279,0.00,0.00,0,0
1423516144,s1-eth2,10326.00,447678.00,458004.00,447678,10326,157.00,299.00,456.00,299,157,0.00,0.00,0,0
1423516144,s2-eth1,825720.00,18394.00,844114.00,18394,825720,552.00,279.00,831.00,279,552,0.00,0.00,0,0
1423516144,s2-eth3,9554.00,428042.00,437596.00,428042,9554,145.00,287.00,432.00,287,145,0.00,0.00,0,0
1423516144,s2-eth2,9224.00,397762.00,406986.00,397762,9224,140.00,267.00,407.00,267,140,0.00,0.00,0,0
1423516144,s3-eth1,428042.00,9554.00,437596.00,9554,428042,287.00,145.00,432.00,145,287,0.00,0.00,0,0
1423516144,s3-eth2,9554.00,428042.00,437596.00,428042,9554,145.00,287.00,432.00,287,145,0.00,0.00,0,0
1423516144,eth0,206.00,126.00,332.00,126,206,2.00,2.00,4.00,2,2,0.00,0.00,0,0
1423516144,lo,7212.00,7212.00,14424.00,7212,7212,74.00,74.00,148.00,74,74,0.00,0.00,0,0
1423516144,total,2569518.00,2590782.00,5160300.00,2590782,2569518,2614.00,2620.00,5234.00,2620,2614,0.00,0.00,0,0
1423516145,s1-eth1,1249924.12,28747.25,1278671.38,28776,1251174,830.17,435.56,1265.73,436,831,0.00,0.00,0,0
1423516145,s1-eth3,18725.28,854921.12,873646.38,855776,18744,283.72,567.43,851.15,568,284,0.00,0.00,0,0
1423516145,s1-eth2,10087.91,484935.06,495023.00,485420,10098,152.85,321.68,474.53,322,153,0.00,0.00,0,0
1423516145,s2-eth1,854921.12,18725.28,873646.38,18744,855776,567.43,283.72,851.15,284,568,0.00,0.00,0,0
1423516145,s2-eth3,8439.56,395698.31,404137.88,396094,8448,127.87,262.74,390.61,263,128,0.00,0.00,0,0
1423516145,s2-eth2,10219.78,481910.09,492129.88,482392,10230,154.85,319.68,474.53,320,155,0.00,0.00,0,0
1423516145,s3-eth1,395698.31,8439.56,404137.88,8448,396094,262.74,127.87,390.61,128,263,0.00,0.00,0,0
1423516145,s3-eth2,8439.56,397210.81,405650.38,397608,8448,127.87,263.74,391.61,264,128,0.00,0.00,0,0
1423516145,eth0,145.85,65.93,211.79,66,146,1.00,1.00,2.00,1,1,0.00,0.00,0,0
1423516145,lo,0.00,0.00,0.00,0,0,0.00,0.00,0.00,0,0,0.00,0.00,0,0
1423516145,total,2556601.50,2670653.50,5227255.00,2673324,2559158,2508.49,2583.42,5091.91,2586,2511,0.00,0.00,0,0
1423516146,s1-eth1,1250234.00,37878.00,1288112.00,37878,1250234,829.00,519.00,1348.00,519,829,0.00,0.00,0,0
1423516146,s1-eth3,24938.00,897228.00,922166.00,897228,24938,349.00,594.00,943.00,594,349,0.00,0.00,0,0
1423516146,s1-eth2,12874.00,380954.00,393828.00,380954,12874,169.00,253.00,422.00,253,169,0.00,0.00,0,0
1423516146,s2-eth1,897228.00,24938.00,922166.00,24938,897228,594.00,349.00,943.00,349,594,0.00,0.00,0,0
1423516146,s2-eth3,11880.00,526298.00,538178.00,526298,11880,180.00,349.00,529.00,349,180,0.00,0.00,0,0
1423516146,s2-eth2,13124.00,348220.00,361344.00,348220,13124,170.00,230.00,400.00,230,170,0.00,0.00,0,0
1423516146,s3-eth1,526298.00,11880.00,538178.00,11880,526298,349.00,180.00,529.00,180,349,0.00,0.00,0,0
1423516146,s3-eth2,11880.00,524784.00,536664.00,524784,11880,180.00,348.00,528.00,348,180,0.00,0.00,0,0
1423516146,eth0,206.00,126.00,332.00,126,206,2.00,2.00,4.00,2,2,0.00,0.00,0,0
1423516146,lo,0.00,0.00,0.00,0,0,0.00,0.00,0.00,0,0,0.00,0.00,0,0
1423516146,total,2748662.00,2752306.00,5500968.00,2752306,2748662,2822.00,2824.00,5646.00,2824,2822,0.00,0.00,0,0
1423516147,s1-eth1,1250564.00,37596.00,1288160.00,37596,1250564,826.00,534.00,1360.00,534,826,0.00,0.00,0,0
1423516147,s1-eth3,22612.00,828158.00,850770.00,828158,22612,328.00,547.00,875.00,547,328,0.00,0.00,0,0
1423516147,s1-eth2,15120.00,407336.00,422456.00,407336,15120,208.00,270.00,478.00,270,208,0.00,0.00,0,0
1423516147,s2-eth1,828158.00,22612.00,850770.00,22612,828158,547.00,328.00,875.00,328,547,0.00,0.00,0,0
1423516147,s2-eth3,13042.00,373958.00,387000.00,373958,13042,183.00,247.00,430.00,247,183,0.00,0.00,0,0
1423516147,s2-eth2,9640.00,454200.00,463840.00,454200,9640,146.00,300.00,446.00,300,146,0.00,0.00,0,0
1423516147,s3-eth1,373958.00,13042.00,387000.00,13042,373958,247.00,183.00,430.00,183,247,0.00,0.00,0,0
1423516147,s3-eth2,12976.00,373958.00,386934.00,373958,12976,182.00,247.00,429.00,247,182,0.00,0.00,0,0
1423516147,eth0,146.00,66.00,212.00,66,146,1.00,1.00,2.00,1,1,0.00,0.00,0,0
1423516147,lo,803.20,803.20,1606.39,804,804,8.99,8.99,17.98,9,9,0.00,0.00,0,0
1423516147,total,2524495.50,2509220.75,5033716.50,2511730,2527020,2674.33,2663.34,5337.66,2666,2677,0.00,0.00,0,0
1423516148,s1-eth1,1251037.00,27498.50,1278535.50,27526,1252288,829.17,416.58,1245.75,417,830,0.00,0.00,0,0
1423516148,s1-eth3,19652.35,921244.75,940897.12,922166,19672,297.70,610.39,908.09,611,298,0.00,0.00,0,0
1423516148,s1-eth2,7990.01,366022.00,374012.00,366388,7998,120.88,241.76,362.64,242,121,0.00,0.00,0,0
1423516148,s2-eth1,921244.75,19652.35,940897.12,19672,922166,610.39,297.70,908.09,298,611,0.00,0.00,0,0
1423516148,s2-eth3,9172.83,432641.38,441814.19,433074,9182,138.86,286.71,425.57,287,139,0.00,0.00,0,0
1423516148,s2-eth2,10689.31,488603.41,499292.72,489092,10700,161.84,323.68,485.51,324,162,0.00,0.00,0,0
1423516148,s3-eth1,432641.38,9172.83,441814.19,9182,433074,286.71,138.86,425.57,139,287,0.00,0.00,0,0
1423516148,s3-eth2,9238.76,432641.38,441880.12,433074,9248,139.86,286.71,426.57,287,140,0.00,0.00,0,0
1423516148,eth0,205.79,125.87,331.67,126,206,2.00,2.00,4.00,2,2,0.00,0.00,0,0
1423516148,lo,2412.00,2412.00,4824.00,2412,2412,27.00,27.00,54.00,27,27,0.00,0.00,0,0
1423516148,total,2666946.00,2702712.00,5369658.00,2702712,2666946,2617.00,2634.00,5251.00,2634,2617,0.00,0.00,0,0
1423516149,s1-eth1,1251116.88,32297.70,1283414.62,32330,1252368,827.17,462.54,1289.71,463,828,0.00,0.00,0,0
1423516149,s1-eth3,20703.30,947162.88,967866.19,948110,20724,313.69,626.37,940.06,627,314,0.00,0.00,0,0
1423516149,s1-eth2,11660.34,293712.28,305372.62,294006,11672,149.85,194.81,344.66,195,150,0.00,0.00,0,0
1423516149,s2-eth1,947162.88,20703.30,967866.19,20724,948110,626.37,313.69,940.06,314,627,0.00,0.00,0,0
1423516149,s2-eth3,10813.19,502491.53,513304.72,502994,10824,163.84,332.67,496.50,333,164,0.00,0.00,0,0
1423516149,s2-eth2,9824.18,444671.34,454495.53,445116,9834,148.85,293.71,442.56,294,149,0.00,0.00,0,0
1423516149,s3-eth1,502491.53,10813.19,513304.72,10824,502994,332.67,163.84,496.50,164,333,0.00,0.00,0,0
1423516149,s3-eth2,10813.19,502491.53,513304.72,502994,10824,163.84,332.67,496.50,333,164,0.00,0.00,0,0
1423516149,eth0,145.85,65.93,211.79,66,146,1.00,1.00,2.00,1,1,0.00,0.00,0,0
1423516149,lo,0.00,0.00,0.00,0,0,0.00,0.00,0.00,0,0,0.00,0.00,0,0
1423516149,total,2764731.25,2754409.75,5519141.00,2757164,2767496,2727.27,2721.28,5448.55,2724,2730,0.00,0.00,0,0
1423516150,s1-eth1,1250606.00,29170.00,1279776.00,29170,1250606,827.00,435.00,1262.00,435,827,0.00,0.00,0,0
1423516150,s1-eth3,21318.00,978040.00,999358.00,978040,21318,323.00,648.00,971.00,648,323,0.00,0.00,0,0
1423516150,s1-eth2,7786.00,274034.00,281820.00,274034,7786,111.00,181.00,292.00,181,111,0.00,0.00,0,0
1423516150,s2-eth1,978040.00,21318.00,999358.00,21318,978040,648.00,323.00,971.00,323,648,0.00,0.00,0,0
1423516150,s2-eth3,11550.00,528564.00,540114.00,528564,11550,175.00,350.00,525.00,350,175,0.00,0.00,0,0
1423516150,s2-eth2,9834.00,452504.00,462338.00,452504,9834,149.00,300.00,449.00,300,149,0.00,0.00,0,0
1423516150,s3-eth1,528564.00,11550.00,540114.00,11550,528564,350.00,175.00,525.00,175,350,0.00,0.00,0,0
1423516150,s3-eth2,11550.00,528564.00,540114.00,528564,11550,175.00,350.00,525.00,350,175,0.00,0.00,0,0
1423516150,eth0,206.00,126.00,332.00,126,206,2.00,2.00,4.00,2,2,0.00,0.00,0,0
1423516150,lo,0.00,0.00,0.00,0,0,0.00,0.00,0.00,0,0,0.00,0.00,0,0
1423516150,total,2819454.00,2823870.00,5643324.00,2823870,2819454,2760.00,2764.00,5524.00,2764,2760,0.00,0.00,0,0
1423516151,s1-eth1,1250864.00,30524.00,1281388.00,30524,1250864,828.00,446.00,1274.00,446,828,0.00,0.00,0,0
1423516151,s1-eth3,21780.00,994876.00,1016656.00,994876,21780,330.00,658.00,988.00,658,330,0.00,0.00,0,0
1423516151,s1-eth2,8678.00,264950.00,273628.00,264950,8678,115.00,175.00,290.00,175,115,0.00,0.00,0,0
1423516151,s2-eth1,994876.00,21780.00,1016656.00,21780,994876,658.00,330.00,988.00,330,658,0.00,0.00,0,0
1423516151,s2-eth3,11682.00,528564.00,540246.00,528564,11682,177.00,350.00,527.00,350,177,0.00,0.00,0,0
1423516151,s2-eth2,10098.00,463284.00,473382.00,463284,10098,153.00,306.00,459.00,306,153,0.00,0.00,0,0
1423516151,s3-eth1,528564.00,11682.00,540246.00,11682,528564,350.00,177.00,527.00,177,350,0.00,0.00,0,0
1423516151,s3-eth2,11682.00,528564.00,540246.00,528564,11682,177.00,350.00,527.00,350,177,0.00,0.00,0,0
1423516151,eth0,206.00,268.00,474.00,268,206,2.00,3.00,5.00,3,2,0.00,0.00,0,0
1423516151,lo,0.00,0.00,0.00,0,0,0.00,0.00,0.00,0,0,0.00,0.00,0,0
1423516151,total,2838430.00,2844492.00,5682922.00,2844492,2838430,2790.00,2795.00,5585.00,2795,2790,0.00,0.00,0,0
1423516152,s1-eth1,1250742.00,27654.00,1278396.00,27654,1250742,827.00,419.00,1246.00,419,827,0.00,0.00,0,0
1423516152,s1-eth3,21846.00,982586.00,1004432.00,982586,21846,331.00,649.00,980.00,649,331,0.00,0.00,0,0
1423516152,s1-eth2,5874.00,269492.00,275366.00,269492,5874,89.00,178.00,267.00,178,89,0.00,0.00,0,0
1423516152,s2-eth1,982586.00,21846.00,1004432.00,21846,982586,649.00,331.00,980.00,331,649,0.00,0.00,0,0
1423516152,s2-eth3,11022.00,493564.00,504586.00,493564,11022,167.00,326.00,493.00,326,167,0.00,0.00,0,0
1423516152,s2-eth2,10824.00,489022.00,499846.00,489022,10824,164.00,323.00,487.00,323,164,0.00,0.00,0,0
1423516152,s3-eth1,493564.00,11022.00,504586.00,11022,493564,326.00,167.00,493.00,167,326,0.00,0.00,0,0
1423516152,s3-eth2,10956.00,493564.00,504520.00,493564,10956,166.00,326.00,492.00,326,166,0.00,0.00,0,0
1423516152,eth0,146.00,66.00,212.00,66,146,1.00,1.00,2.00,1,1,0.00,0.00,0,0
1423516152,lo,516.00,516.00,1032.00,516,516,9.00,9.00,18.00,9,9,0.00,0.00,0,0
1423516152,total,2788076.00,2789332.00,5577408.00,2789332,2788076,2729.00,2729.00,5458.00,2729,2729,0.00,0.00,0,0
1423516153,s1-eth1,1249756.50,27532.94,1277289.50,27588,1252256,826.35,417.17,1243.51,418,828,0.00,0.00,0,0
1423516153,s1-eth3,21802.40,995912.19,1017714.62,997904,21846,330.34,658.68,989.02,660,331,0.00,0.00,0,0
1423516153,s1-eth2,5796.41,261399.20,267195.62,261922,5808,87.82,172.65,260.48,173,88,0.00,0.00,0,0
1423516153,s2-eth1,995912.19,21802.40,1017714.62,21846,997904,658.68,330.34,989.02,331,660,0.00,0.00,0,0
1423516153,s2-eth3,11988.02,548662.69,560650.69,549760,12012,181.64,363.27,544.91,364,182,0.00,0.00,0,0
1423516153,s2-eth2,9748.50,448760.50,458509.00,449658,9768,147.70,296.41,444.11,297,148,0.00,0.00,0,0
1423516153,s3-eth1,548662.69,11988.02,560650.69,12012,549760,363.27,181.64,544.91,182,364,0.00,0.00,0,0
1423516153,s3-eth2,12053.89,548662.69,560716.56,549760,12078,182.63,363.27,545.91,364,183,0.00,0.00,0,0
1423516153,eth0,205.59,125.75,331.34,126,206,2.00,2.00,3.99,2,2,0.00,0.00,0,0
1423516153,lo,0.00,0.00,0.00,0,0,0.00,0.00,0.00,0,0,0.00,0.00,0,0
1423516153,total,2855926.25,2864846.50,5720772.50,2870576,2861638,2780.44,2785.43,5565.87,2791,2786,0.00,0.00,0,0
1423516154,s1-eth1,1251896.00,27654.00,1279550.00,27654,1251896,828.00,419.00,1247.00,419,828,0.00,0.00,0,0
1423516154,s1-eth3,21846.00,990792.00,1012638.00,990792,21846,331.00,656.00,987.00,656,331,0.00,0.00,0,0
1423516154,s1-eth2,5742.00,258894.00,264636.00,258894,5742,87.00,171.00,258.00,171,87,0.00,0.00,0,0
1423516154,s2-eth1,990792.00,21846.00,1012638.00,21846,990792,656.00,331.00,987.00,331,656,0.00,0.00,0,0
1423516154,s2-eth3,11484.00,524774.00,536258.00,524774,11484,174.00,347.00,521.00,347,174,0.00,0.00,0,0
1423516154,s2-eth2,10428.00,466018.00,476446.00,466018,10428,158.00,309.00,467.00,309,158,0.00,0.00,0,0
1423516154,s3-eth1,524774.00,11484.00,536258.00,11484,524774,347.00,174.00,521.00,174,347,0.00,0.00,0,0
1423516154,s3-eth2,11418.00,526288.00,537706.00,526288,11418,173.00,348.00,521.00,348,173,0.00,0.00,0,0
1423516154,eth0,146.00,66.00,212.00,66,146,1.00,1.00,2.00,1,1,0.00,0.00,0,0
1423516154,lo,0.00,0.00,0.00,0,0,0.00,0.00,0.00,0,0,0.00,0.00,0,0
1423516154,total,2828526.00,2827816.00,5656342.00,2827816,2828526,2755.00,2756.00,5511.00,2756,2755,0.00,0.00,0,0
1423516155,s1-eth1,1250168.00,34986.00,1285154.00,34986,1250168,828.00,495.00,1323.00,495,828,0.00,0.00,0,0
1423516155,s1-eth3,25656.00,914060.00,939716.00,914060,25656,362.00,606.00,968.00,606,362,0.00,0.00,0,0
1423516155,s1-eth2,9330.00,307342.00,316672.00,307342,9330,133.00,203.00,336.00,203,133,0.00,0.00,0,0
1423516155,s2-eth1,914060.00,25656.00,939716.00,25656,914060,606.00,362.00,968.00,362,606,0.00,0.00,0,0
1423516155,s2-eth3,11418.00,513424.00,524842.00,513424,11418,173.00,340.00,513.00,340,173,0.00,0.00,0,0
1423516155,s2-eth2,14238.00,415776.00,430014.00,415776,14238,189.00,276.00,465.00,276,189,0.00,0.00,0,0
1423516155,s3-eth1,513424.00,11418.00,524842.00,11418,513424,340.00,173.00,513.00,173,340,0.00,0.00,0,0
1423516155,s3-eth2,11484.00,511910.00,523394.00,511910,11484,174.00,339.00,513.00,339,174,0.00,0.00,0,0
1423516155,eth0,206.00,126.00,332.00,126,206,2.00,2.00,4.00,2,2,0.00,0.00,0,0
1423516155,lo,0.00,0.00,0.00,0,0,0.00,0.00,0.00,0,0,0.00,0.00,0,0
1423516155,total,2749984.00,2734698.00,5484682.00,2734698,2749984,2807.00,2796.00,5603.00,2796,2807,0.00,0.00,0,0
1423516156,s1-eth1,1251560.00,35186.00,1286746.00,35186,1251560,828.00,507.00,1335.00,507,828,0.00,0.00,0,0
1423516156,s1-eth3,27906.00,1004138.00,1032044.00,1004138,27906,407.00,665.00,1072.00,665,407,0.00,0.00,0,0
1423516156,s1-eth2,7346.00,208932.00,216278.00,208932,7346,101.00,138.00,239.00,138,101,0.00,0.00,0,0
1423516156,s2-eth1,1004138.00,27906.00,1032044.00,27906,1004138,665.00,407.00,1072.00,407,665,0.00,0.00,0,0
1423516156,s2-eth3,14706.00,463462.00,478168.00,463462,14706,207.00,307.00,514.00,307,207,0.00,0.00,0,0
1423516156,s2-eth2,13200.00,560358.00,573558.00,560358,13200,200.00,371.00,571.00,371,200,0.00,0.00,0,0
1423516156,s3-eth1,463462.00,14706.00,478168.00,14706,463462,307.00,207.00,514.00,207,307,0.00,0.00,0,0
1423516156,s3-eth2,14706.00,463462.00,478168.00,463462,14706,207.00,307.00,514.00,307,207,0.00,0.00,0,0
1423516156,eth0,206.00,126.00,332.00,126,206,2.00,2.00,4.00,2,2,0.00,0.00,0,0
1423516156,lo,0.00,0.00,0.00,0,0,0.00,0.00,0.00,0,0,0.00,0.00,0,0
1423516156,total,2797230.00,2778276.00,5575506.00,2778276,2797230,2924.00,2911.00,5835.00,2911,2924,0.00,0.00,0,0
1423516157,s1-eth1,1250102.00,27786.00,1277888.00,27786,1250102,827.00,421.00,1248.00,421,827,0.00,0.00,0,0
1423516157,s1-eth3,23232.00,1113664.00,1136896.00,1113664,23232,352.00,736.00,1088.00,736,352,0.00,0.00,0,0
1423516157,s1-eth2,4554.00,207418.00,211972.00,207418,4554,69.00,137.00,206.00,137,69,0.00,0.00,0,0
1423516157,s2-eth1,1113664.00,23232.00,1136896.00,23232,1113664,736.00,352.00,1088.00,352,736,0.00,0.00,0,0
1423516157,s2-eth3,11286.00,525358.00,536644.00,525358,11286,171.00,347.00,518.00,347,171,0.00,0.00,0,0
1423516157,s2-eth2,11946.00,554998.00,566944.00,554998,11946,181.00,367.00,548.00,367,181,0.00,0.00,0,0
1423516157,s3-eth1,525358.00,11286.00,536644.00,11286,525358,347.00,171.00,518.00,171,347,0.00,0.00,0,0
1423516157,s3-eth2,11286.00,525358.00,536644.00,525358,11286,171.00,347.00,518.00,347,171,0.00,0.00,0,0
1423516157,eth0,146.00,66.00,212.00,66,146,1.00,1.00,2.00,1,1,0.00,0.00,0,0
1423516157,lo,516.00,516.00,1032.00,516,516,9.00,9.00,18.00,9,9,0.00,0.00,0,0
1423516157,total,2952090.00,2989682.00,5941772.00,2989682,2952090,2864.00,2888.00,5752.00,2888,2864,0.00,0.00,0,0
1423516158,s1-eth1,1251438.00,27654.00,1279092.00,27654,1251438,827.00,419.00,1246.00,419,827,0.00,0.00,0,0
1423516158,s1-eth3,22968.00,1054740.00,1077708.00,1054740,22968,348.00,698.00,1046.00,698,348,0.00,0.00,0,0
1423516158,s1-eth2,4620.00,207418.00,212038.00,207418,4620,70.00,137.00,207.00,137,70,0.00,0.00,0,0
1423516158,s2-eth1,1054740.00,22968.00,1077708.00,22968,1054740,698.00,348.00,1046.00,348,698,0.00,0.00,0,0
1423516158,s2-eth3,11946.00,554124.00,566070.00,554124,11946,181.00,366.00,547.00,366,181,0.00,0.00,0,0
1423516158,s2-eth2,11022.00,503644.00,514666.00,503644,11022,167.00,334.00,501.00,334,167,0.00,0.00,0,0
1423516158,s3-eth1,554124.00,11946.00,566070.00,11946,554124,366.00,181.00,547.00,181,366,0.00,0.00,0,0
1423516158,s3-eth2,11946.00,554124.00,566070.00,554124,11946,181.00,366.00,547.00,366,181,0.00,0.00,0,0
1423516158,eth0,206.00,268.00,474.00,268,206,2.00,3.00,5.00,3,2,0.00,0.00,0,0
1423516158,lo,0.00,0.00,0.00,0,0,0.00,0.00,0.00,0,0,0.00,0.00,0,0
1423516158,total,2923010.00,2936886.00,5859896.00,2936886,2923010,2840.00,2852.00,5692.00,2852,2840,0.00,0.00,0,0
1423516159,s1-eth1,1250046.00,27390.00,1277436.00,27390,1250046,827.00,415.00,1242.00,415,827,0.00,0.00,0,0
1423516159,s1-eth3,23100.00,1049716.00,1072816.00,1049716,23100,350.00,694.00,1044.00,694,350,0.00,0.00,0,0
1423516159,s1-eth2,4356.00,199848.00,204204.00,199848,4356,66.00,132.00,198.00,132,66,0.00,0.00,0,0
1423516159,s2-eth1,1049716.00,23100.00,1072816.00,23100,1049716,694.00,350.00,1044.00,350,694,0.00,0.00,0,0
1423516159,s2-eth3,12078.00,550736.00,562814.00,550736,12078,183.00,364.00,547.00,364,183,0.00,0.00,0,0
1423516159,s2-eth2,11022.00,492924.00,503946.00,492924,11022,167.00,326.00,493.00,326,167,0.00,0.00,0,0
1423516159,s3-eth1,550736.00,12078.00,562814.00,12078,550736,364.00,183.00,547.00,183,364,0.00,0.00,0,0
1423516159,s3-eth2,12012.00,550736.00,562748.00,550736,12012,182.00,364.00,546.00,364,182,0.00,0.00,0,0
1423516159,eth0,206.00,126.00,332.00,126,206,2.00,2.00,4.00,2,2,0.00,0.00,0,0
1423516159,lo,0.00,0.00,0.00,0,0,0.00,0.00,0.00,0,0,0.00,0.00,0,0
1423516159,total,2913272.00,2906654.00,5819926.00,2906654,2913272,2835.00,2830.00,5665.00,2830,2835,0.00,0.00,0,0
1423516160,s1-eth1,1250589.50,27428.57,1278018.00,27456,1251840,827.17,415.58,1242.76,416,828,0.00,0.00,0,0
1423516160,s1-eth3,23406.59,1069450.62,1092857.12,1070520,23430,354.65,707.29,1061.94,708,355,0.00,0.00,0,0
1423516160,s1-eth2,4021.98,186035.97,190057.95,186222,4026,60.94,122.88,183.82,123,61,0.00,0.00,0,0
1423516160,s2-eth1,1069450.62,23406.59,1092857.12,23430,1070520,707.29,354.65,1061.94,355,708,0.00,0.00,0,0
1423516160,s2-eth3,12791.21,580795.25,593586.44,581376,12804,193.81,383.62,577.42,384,194,0.00,0.00,0,0
1423516160,s2-eth2,10549.45,496217.78,506767.25,496714,10560,159.84,328.67,488.51,329,160,0.00,0.00,0,0
1423516160,s3-eth1,580795.25,12791.21,593586.44,12804,581376,383.62,193.81,577.42,194,384,0.00,0.00,0,0
1423516160,s3-eth2,12857.14,580795.25,593652.38,581376,12870,194.81,383.62,578.42,384,195,0.00,0.00,0,0
1423516160,eth0,205.79,125.87,331.67,126,206,2.00,2.00,4.00,2,2,0.00,0.00,0,0
1423516160,lo,0.00,0.00,0.00,0,0,0.00,0.00,0.00,0,0,0.00,0.00,0,0
1423516160,total,2964667.50,2977047.00,5941714.50,2980024,2967632,2884.12,2892.11,5776.22,2895,2887,0.00,0.00,0,0
1423516161,s1-eth1,1251158.00,31608.00,1282766.00,31608,1251158,831.00,464.00,1295.00,464,831,0.00,0.00,0,0
1423516161,s1-eth3,26088.00,960428.00,986516.00,960428,26088,380.00,638.00,1018.00,638,380,0.00,0.00,0,0
1423516161,s1-eth2,5454.00,249852.00,255306.00,249852,5454,83.00,166.00,249.00,166,83,0.00,0.00,0,0
1423516161,s2-eth1,960428.00,26088.00,986516.00,26088,960428,638.00,380.00,1018.00,380,638,0.00,0.00,0,0
1423516161,s2-eth3,12648.00,571806.00,584454.00,571806,12648,192.00,379.00,571.00,379,192,0.00,0.00,0,0
1423516161,s2-eth2,13506.00,402248.00,415754.00,402248,13506,189.00,268.00,457.00,268,189,0.00,0.00,0,0
1423516161,s3-eth1,571806.00,12648.00,584454.00,12648,571806,379.00,192.00,571.00,192,379,0.00,0.00,0,0
1423516161,s3-eth2,12648.00,571806.00,584454.00,571806,12648,192.00,379.00,571.00,379,192,0.00,0.00,0,0
1423516161,eth0,146.00,66.00,212.00,66,146,1.00,1.00,2.00,1,1,0.00,0.00,0,0
1423516161,lo,3448.00,3448.00,6896.00,3448,3448,34.00,34.00,68.00,34,34,0.00,0.00,0,0
1423516161,total,2857330.00,2829998.00,5687328.00,2829998,2857330,2919.00,2901.00,5820.00,2901,2919,0.00,0.00,0,0
1423516162,s1-eth1,1250564.00,27780.00,1278344.00,27780,1250564,826.00,420.00,1246.00,420,826,0.00,0.00,0,0
1423516162,s1-eth3,21696.00,1022184.00,1043880.00,1022184,21696,328.00,676.00,1004.00,676,328,0.00,0.00,0,0
1423516162,s1-eth2,6072.00,289174.00,295246.00,289174,6072,92.00,191.00,283.00,191,92,0.00,0.00,0,0
1423516162,s2-eth1,1022184.00,21696.00,1043880.00,21696,1022184,676.00,328.00,1004.00,328,676,0.00,0.00,0,0
1423516162,s2-eth3,11994.00,546788.00,558782.00,546788,11994,181.00,362.00,543.00,362,181,0.00,0.00,0,0
1423516162,s2-eth2,9702.00,455714.00,465416.00,455714,9702,147.00,301.00,448.00,301,147,0.00,0.00,0,0
1423516162,s3-eth1,546788.00,11994.00,558782.00,11994,546788,362.00,181.00,543.00,181,362,0.00,0.00,0,0
1423516162,s3-eth2,11916.00,548302.00,560218.00,548302,11916,180.00,363.00,543.00,363,180,0.00,0.00,0,0
1423516162,eth0,206.00,126.00,332.00,126,206,2.00,2.00,4.00,2,2,0.00,0.00,0,0
1423516162,lo,0.00,0.00,0.00,0,0,0.00,0.00,0.00,0,0,0.00,0.00,0,0
1423516162,total,2881122.00,2923758.00,5804880.00,2923758,2881122,2794.00,2824.00,5618.00,2824,2794,0.00,0.00,0,0
1423516163,s1-eth1,1250798.00,41388.00,1292186.00,41388,1250798,827.00,566.00,1393.00,566,827,0.00,0.00,0,0
1423516163,s1-eth3,30040.00,869036.00,899076.00,869036,30040,412.00,574.00,986.00,574,412,0.00,0.00,0,0
1423516163,s1-eth2,11360.00,333080.00,344440.00,333080,11360,154.00,220.00,374.00,220,154,0.00,0.00,0,0
1423516163,s2-eth1,869036.00,30040.00,899076.00,30040,869036,574.00,412.00,986.00,412,574,0.00,0.00,0,0
1423516163,s2-eth3,17284.00,481452.00,498736.00,481452,17284,232.00,318.00,550.00,318,232,0.00,0.00,0,0
1423516163,s2-eth2,12756.00,389098.00,401854.00,389098,12756,180.00,257.00,437.00,257,180,0.00,0.00,0,0
1423516163,s3-eth1,481452.00,17284.00,498736.00,17284,481452,318.00,232.00,550.00,232,318,0.00,0.00,0,0
1423516163,s3-eth2,17362.00,479938.00,497300.00,479938,17362,233.00,317.00,550.00,317,233,0.00,0.00,0,0
1423516163,eth0,146.00,66.00,212.00,66,146,1.00,1.00,2.00,1,1,0.00,0.00,0,0
1423516163,lo,0.00,0.00,0.00,0,0,0.00,0.00,0.00,0,0,0.00,0.00,0,0
1423516163,total,2690234.00,2641382.00,5331616.00,2641382,2690234,2931.00,2897.00,5828.00,2897,2931,0.00,0.00,0,0
1423516164,s1-eth1,1250564.00,27258.00,1277822.00,27258,1250564,826.00,413.00,1239.00,413,826,0.00,0.00,0,0
1423516164,s1-eth3,20592.00,971988.00,992580.00,971988,20592,312.00,642.00,954.00,642,312,0.00,0.00,0,0
1423516164,s1-eth2,6732.00,316426.00,323158.00,316426,6732,102.00,209.00,311.00,209,102,0.00,0.00,0,0
1423516164,s2-eth1,971988.00,20592.00,992580.00,20592,971988,642.00,312.00,954.00,312,642,0.00,0.00,0,0
1423516164,s2-eth3,11748.00,555638.00,567386.00,555638,11748,178.00,367.00,545.00,367,178,0.00,0.00,0,0
1423516164,s2-eth2,8844.00,413322.00,422166.00,413322,8844,134.00,273.00,407.00,273,134,0.00,0.00,0,0
1423516164,s3-eth1,555638.00,11748.00,567386.00,11748,555638,367.00,178.00,545.00,178,367,0.00,0.00,0,0
1423516164,s3-eth2,11748.00,555638.00,567386.00,555638,11748,178.00,367.00,545.00,367,178,0.00,0.00,0,0
1423516164,eth0,206.00,126.00,332.00,126,206,2.00,2.00,4.00,2,2,0.00,0.00,0,0
1423516164,lo,0.00,0.00,0.00,0,0,0.00,0.00,0.00,0,0,0.00,0.00,0,0
1423516164,total,2838060.00,2872736.00,5710796.00,2872736,2838060,2741.00,2763.00,5504.00,2763,2741,0.00,0.00,0,0
1423516165,s1-eth1,1252078.00,27324.00,1279402.00,27324,1252078,827.00,414.00,1241.00,414,827,0.00,0.00,0,0
1423516165,s1-eth3,20262.00,926568.00,946830.00,926568,20262,307.00,612.00,919.00,612,307,0.00,0.00,0,0
1423516165,s1-eth2,7062.00,327024.00,334086.00,327024,7062,107.00,216.00,323.00,216,107,0.00,0.00,0,0
1423516165,s2-eth1,926568.00,20262.00,946830.00,20262,926568,612.00,307.00,919.00,307,612,0.00,0.00,0,0
1423516165,s2-eth3,11946.00,548068.00,560014.00,548068,11946,181.00,362.00,543.00,362,181,0.00,0.00,0,0
1423516165,s2-eth2,8250.00,378500.00,386750.00,378500,8250,125.00,250.00,375.00,250,125,0.00,0.00,0,0
1423516165,s3-eth1,548068.00,11946.00,560014.00,11946,548068,362.00,181.00,543.00,181,362,0.00,0.00,0,0
1423516165,s3-eth2,11946.00,548068.00,560014.00,548068,11946,181.00,362.00,543.00,362,181,0.00,0.00,0,0
1423516165,eth0,146.00,66.00,212.00,66,146,1.00,1.00,2.00,1,1,0.00,0.00,0,0
1423516165,lo,516.00,516.00,1032.00,516,516,9.00,9.00,18.00,9,9,0.00,0.00,0,0
1423516165,total,2786842.00,2788342.00,5575184.00,2788342,2786842,2712.00,2714.00,5426.00,2714,2712,0.00,0.00,0,0
1423516166,s1-eth1,1250564.00,27324.00,1277888.00,27324,1250564,826.00,414.00,1240.00,414,826,0.00,0.00,0,0
1423516166,s1-eth3,20592.00,950792.00,971384.00,950792,20592,312.00,628.00,940.00,628,312,0.00,0.00,0,0
1423516166,s1-eth2,6666.00,305828.00,312494.00,305828,6666,101.00,202.00,303.00,202,101,0.00,0.00,0,0
1423516166,s2-eth1,950792.00,20592.00,971384.00,20592,950792,628.00,312.00,940.00,312,628,0.00,0.00,0,0
1423516166,s2-eth3,12276.00,570778.00,583054.00,570778,12276,186.00,377.00,563.00,377,186,0.00,0.00,0,0
1423516166,s2-eth2,8382.00,383042.00,391424.00,383042,8382,127.00,253.00,380.00,253,127,0.00,0.00,0,0
1423516166,s3-eth1,570778.00,12276.00,583054.00,12276,570778,377.00,186.00,563.00,186,377,0.00,0.00,0,0
1423516166,s3-eth2,12210.00,570778.00,582988.00,570778,12210,185.00,377.00,562.00,377,185,0.00,0.00,0,0
1423516166,eth0,206.00,186.00,392.00,186,206,2.00,3.00,5.00,3,2,0.00,0.00,0,0
1423516166,lo,0.00,0.00,0.00,0,0,0.00,0.00,0.00,0,0,0.00,0.00,0,0
1423516166,total,2832466.00,2841596.00,5674062.00,2841596,2832466,2744.00,2752.00,5496.00,2752,2744,0.00,0.00,0,0
1423516167,s1-eth1,1251078.00,27324.00,1278402.00,27324,1251078,827.00,414.00,1241.00,414,827,0.00,0.00,0,0
1423516167,s1-eth3,20196.00,914970.00,935166.00,914970,20196,306.00,605.00,911.00,605,306,0.00,0.00,0,0
1423516167,s1-eth2,7194.00,331566.00,338760.00,331566,7194,109.00,219.00,328.00,219,109,0.00,0.00,0,0
1423516167,s2-eth1,914970.00,20196.00,935166.00,20196,914970,605.00,306.00,911.00,306,605,0.00,0.00,0,0
1423516167,s2-eth3,11286.00,509218.00,520504.00,509218,11286,171.00,337.00,508.00,337,171,0.00,0.00,0,0
1423516167,s2-eth2,8844.00,405752.00,414596.00,405752,8844,134.00,268.00,402.00,268,134,0.00,0.00,0,0
1423516167,s3-eth1,509218.00,11286.00,520504.00,11286,509218,337.00,171.00,508.00,171,337,0.00,0.00,0,0
1423516167,s3-eth2,11352.00,509218.00,520570.00,509218,11352,172.00,337.00,509.00,337,172,0.00,0.00,0,0
1423516167,eth0,146.00,66.00,212.00,66,146,1.00,1.00,2.00,1,1,0.00,0.00,0,0
1423516167,lo,0.00,0.00,0.00,0,0,0.00,0.00,0.00,0,0,0.00,0.00,0,0
1423516167,total,2734284.00,2729596.00,5463880.00,2729596,2734284,2662.00,2658.00,5320.00,2658,2662,0.00,0.00,0,0
1423516168,s1-eth1,1250798.00,36460.00,1287258.00,36460,1250798,827.00,518.00,1345.00,518,827,0.00,0.00,0,0
1423516168,s1-eth3,28474.00,837476.00,865950.00,837476,28474,397.00,554.00,951.00,554,397,0.00,0.00,0,0
1423516168,s1-eth2,7920.00,364874.00,372794.00,364874,7920,120.00,241.00,361.00,241,120,0.00,0.00,0,0
1423516168,s2-eth1,837476.00,28474.00,865950.00,28474,837476,554.00,397.00,951.00,397,554,0.00,0.00,0,0
1423516168,s2-eth3,16648.00,478658.00,495306.00,478658,16648,230.00,317.00,547.00,317,230,0.00,0.00,0,0
1423516168,s2-eth2,11826.00,357304.00,369130.00,357304,11826,167.00,236.00,403.00,236,167,0.00,0.00,0,0
1423516168,s3-eth1,478658.00,16648.00,495306.00,16648,478658,317.00,230.00,547.00,230,317,0.00,0.00,0,0
1423516168,s3-eth2,16582.00,481686.00,498268.00,481686,16582,229.00,319.00,548.00,319,229,0.00,0.00,0,0
1423516168,eth0,206.00,268.00,474.00,268,206,2.00,3.00,5.00,3,2,0.00,0.00,0,0
1423516168,lo,0.00,0.00,0.00,0,0,0.00,0.00,0.00,0,0,0.00,0.00,0,0
1423516168,total,2648588.00,2601848.00,5250436.00,2601848,2648588,2843.00,2815.00,5658.00,2815,2843,0.00,0.00,0,0
1423516169,s1-eth1,1250827.25,28153.85,1278981.00,28182,1252078,826.17,426.57,1252.75,427,827,0.00,0.00,0,0
1423516169,s1-eth3,19516.48,896905.12,916421.62,897802,19536,295.70,592.41,888.11,593,296,0.00,0.00,0,0
1423516169,s1-eth2,8703.30,409884.12,418587.44,410294,8712,131.87,270.73,402.60,271,132,0.00,0.00,0,0
1423516169,s2-eth1,896905.12,19516.48,916421.62,19536,897802,592.41,295.70,888.11,296,593,0.00,0.00,0,0
1423516169,s2-eth3,11670.33,520295.72,531966.06,520816,11682,176.82,343.66,520.48,344,177,0.00,0.00,0,0
1423516169,s2-eth2,7912.09,375096.91,383009.00,375472,7920,119.88,247.75,367.63,248,120,0.00,0.00,0,0
1423516169,s3-eth1,520295.72,11670.33,531966.06,11682,520816,343.66,176.82,520.48,177,344,0.00,0.00,0,0
1423516169,s3-eth2,11736.26,517270.75,529007.00,517788,11748,177.82,341.66,519.48,342,178,0.00,0.00,0,0
1423516169,eth0,205.79,125.87,331.67,126,206,2.00,2.00,4.00,2,2,0.00,0.00,0,0
1423516169,lo,0.00,0.00,0.00,0,0,0.00,0.00,0.00,0,0,0.00,0.00,0,0
1423516169,total,2727772.25,2778919.25,5506691.50,2781698,2730500,2666.33,2697.30,5363.64,2700,2669,0.00,0.00,0,0
1423516170,s3-eth2,11082.00,284170.00,295252.00,284170,11082,159.00,189.00,348.00,189,159,0.00,0.00,0,0
1423516170,eth0,1330.00,786.00,2116.00,786,1330,12.00,12.00,24.00,12,12,0.00,0.00,0,0
1423516170,lo,1112.00,1112.00,222