1422558095,s1-eth1,0.00,0.00,0.00,0,0,0.00,0.00,0.00,0,0,0.00,0.00,0,0
1422558095,s1-eth2,0.00,0.00,0.00,0,0,0.00,0.00,0.00,0,0,0.00,0.00,0,0
1422558095,s2-eth1,0.00,0.00,0.00,0,0,0.00,0.00,0.00,0,0,0.00,0.00,0,0
1422558095,s2-eth2,0.00,0.00,0.00,0,0,0.00,0.00,0.00,0,0,0.00,0.00,0,0
1422558095,s3-eth1,0.00,0.00,0.00,0,0,0.00,0.00,0.00,0,0,0.00,0.00,0,0
1422558095,s3-eth2,0.00,0.00,0.00,0,0,0.00,0.00,0.00,0,0,0.00,0.00,0,0
1422558095,eth0,0.00,0.00,0.00,0,0,0.00,0.00,0.00,0,0,0.00,0.00,0,0
1422558095,lo,0.00,0.00,0.00,0,0,0.00,0.00,0.00,0,0,0.00,0.00,0,0
1422558095,total,0.00,0.00,0.00,0,0,0.00,0.00,0.00,0,0,0.00,0.00,0,0
1422558096,s1-eth1,1832672.00,41010.00,1873682.00,41010,1832672,1216.00,621.00,1837.00,621,1216,0.00,0.00,0,0
1422558096,s1-eth2,39096.00,1791794.00,1830890.00,1791794,39096,592.00,1189.00,1781.00,1189,592,0.00,0.00,0,0
1422558096,s2-eth1,1784224.00,41604.00,1825828.00,41604,1784224,1184.00,630.00,1814.00,630,1184,0.00,0.00,0,0
1422558096,s2-eth2,41010.00,1832672.00,1873682.00,1832672,41010,621.00,1216.00,1837.00,1216,621,0.00,0.00,0,0
1422558096,s3-eth1,1722150.00,40350.00,1762500.00,40350,1722150,1143.00,611.00,1754.00,611,1143,0.00,0.00,0,0
1422558096,s3-eth2,41604.00,1784224.00,1825828.00,1784224,41604,630.00,1184.00,1814.00,1184,630,0.00,0.00,0,0
1422558096,eth0,0.00,0.00,0.00,0,0,0.00,0.00,0.00,0,0,0.00,0.00,0,0
1422558096,lo,864.00,864.00,1728.00,864,864,9.00,9.00,18.00,9,9,0.00,0.00,0,0
1422558096,total,5461620.00,5532518.00,10994138.00,5532518,5461620,5395.00,5460.00,10855.00,5460,5395,0.00,0.00,0,0
1422558097,s1-eth1,3017596.00,66924.00,3084520.00,66924,3017596,1998.00,1014.00,3012.00,1014,1998,0.00,0.00,0,0
1422558097,s1-eth2,68838.00,3081184.00,3150022.00,3081184,68838,1043.00,2040.00,3083.00,2040,1043,0.00,0.00,0,0
1422558097,s2-eth1,3011540.00,67320.00,3078860.00,67320,3011540,1994.00,1020.00,3014.00,1020,1994,0.00,0.00,0,0
1422558097,s2-eth2,66924.00,3017596.00,3084520.00,3017596,66924,1014.00,1998.00,3012.00,1998,1014,0.00,0.00,0,0
1422558097,s3-eth1,3073614.00,68772.00,3142386.00,68772,3073614,2035.00,1042.00,3077.00,1042,2035,0.00,0.00,0,0
1422558097,s3-eth2,67320.00,3011540.00,3078860.00,3011540,67320,1020.00,1994.00,3014.00,1994,1020,0.00,0.00,0,0
1422558097,eth0,0.00,0.00,0.00,0,0,0.00,0.00,0.00,0,0,0.00,0.00,0,0
1422558097,lo,0.00,0.00,0.00,0,0,0.00,0.00,0.00,0,0,0.00,0.00,0,0
1422558097,total,9305832.00,9313336.00,18619168.00,9313336,9305832,9104.00,9108.00,18212.00,9108,9104,0.00,0.00,0,0
1422558098,s1-eth1,3374260.00,76098.00,3450358.00,76098,3374260,2234.00,1153.00,3387.00,1153,2234,0.00,0.00,0,0
1422558098,s1-eth2,74712.00,3310672.00,3385384.00,3310672,74712,1132.00,2192.00,3324.00,2192,1132,0.00,0.00,0,0
1422558098,s2-eth1,3428764.00,75240.00,3504004.00,75240,3428764,2270.00,1140.00,3410.00,1140,2270,0.00,0.00,0,0
1422558098,s2-eth2,76098.00,3374260.00,3450358.00,3374260,76098,1153.00,2234.00,3387.00,2234,1153,0.00,0.00,0,0
1422558098,s3-eth1,3371232.00,74250.00,3445482.00,74250,3371232,2232.00,1125.00,3357.00,1125,2232,0.00,0.00,0,0
1422558098,s3-eth2,75240.00,3428764.00,3504004.00,3428764,75240,1140.00,2270.00,3410.00,2270,1140,0.00,0.00,0,0
1422558098,eth0,60.00,60.00,120.00,60,60,1.00,1.00,2.00,1,1,0.00,0.00,0,0
1422558098,lo,0.00,0.00,0.00,0,0,0.00,0.00,0.00,0,0,0.00,0.00,0,0
1422558098,total,10400366.00,10339344.00,20739710.00,10339344,10400366,10162.00,10115.00,20277.00,10115,10162,0.00,0.00,0,0
1422558099,s1-eth1,3708152.00,80920.00,3789072.00,80920,3708152,2454.00,1226.00,3680.00,1226,2454,0.00,0.00,0,0
1422558099,s1-eth2,80986.00,3708152.00,3789138.00,3708152,80986,1227.00,2454.00,3681.00,2454,1227,0.00,0.00,0,0
1422558099,s2-eth1,3708152.00,81448.00,3789600.00,81448,3708152,2454.00,1234.00,3688.00,1234,2454,0.00,0.00,0,0
1422558099,s2-eth2,80920.00,3708152.00,3789072.00,3708152,80920,1226.00,2454.00,3680.00,2454,1226,0.00,0.00,0,0
1422558099,s3-eth1,3741460.00,82372.00,3823832.00,82372,3741460,2476.00,1248.00,3724.00,1248,2476,0.00,0.00,0,0
1422558099,s3-eth2,81448.00,3708152.00,3789600.00,3708152,81448,1234.00,2454.00,3688.00,2454,1234,0.00,0.00,0,0
1422558099,eth0,0.00,0.00,0.00,0,0,0.00,0.00,0.00,0,0,0.00,0.00,0,0
1422558099,lo,1608.00,1608.00,3216.00,1608,1608,18.00,18.00,36.00,18,18,0.00,0.00,0,0
1422558099,total,11402726.00,11370804.00,22773530.00,11370804,11402726,11089.00,11088.00,22177.00,11088,11089,0.00,0.00,0,0
1422558100,s1-eth1,4065024.00,88836.00,4153860.00,88836,4065024,2692.00,1346.00,4038.00,1346,2692,0.00,0.00,0,0
1422558100,s1-eth2,89892.00,4128612.00,4218504.00,4128612,89892,1362.00,2734.00,4096.00,2734,1362,0.00,0.00,0,0
1422558100,s2-eth1,4021118.00,89760.00,4110878.00,89760,4021118,2663.00,1360.00,4023.00,1360,2663,0.00,0.00,0,0
1422558100,s2-eth2,88836.00,4065024.00,4153860.00,4065024,88836,1346.00,2692.00,4038.00,2692,1346,0.00,0.00,0,0
1422558100,s3-eth1,4045342.00,89760.00,4135102.00,89760,4045342,2679.00,1360.00,4039.00,1360,2679,0.00,0.00,0,0
1422558100,s3-eth2,89760.00,4021118.00,4110878.00,4021118,89760,1360.00,2663.00,4023.00,2663,1360,0.00,0.00,0,0
1422558100,eth0,0.00,262.00,262.00,262,0,0.00,3.00,3.00,3,0,0.00,0.00,0,0
1422558100,lo,864.00,864.00,1728.00,864,864,9.00,9.00,18.00,9,9,0.00,0.00,0,0
1422558100,total,12400836.00,12484236.00,24885072.00,12484236,12400836,12111.00,12167.00,24278.00,12167,12111,0.00,0.00,0,0
1422558101,s1-eth1,4523742.00,100320.00,4624062.00,100320,4523742,2995.00,1520.00,4515.00,1520,2995,0.00,0.00,0,0
1422558101,s1-eth2,99132.00,4519200.00,4618332.00,4519200,99132,1502.00,2992.00,4494.00,2992,1502,0.00,0.00,0,0
1422558101,s2-eth1,4504060.00,100056.00,4604116.00,100056,4504060,2982.00,1516.00,4498.00,1516,2982,0.00,0.00,0,0
1422558101,s2-eth2,100320.00,4523742.00,4624062.00,4523742,100320,1520.00,2995.00,4515.00,2995,1520,0.00,0.00,0,0
1422558101,s3-eth1,4440472.00,98934.00,4539406.00,98934,4440472,2940.00,1499.00,4439.00,1499,2940,0.00,0.00,0,0
1422558101,s3-eth2,100056.00,4504060.00,4604116.00,4504060,100056,1516.00,2982.00,4498.00,2982,1516,0.00,0.00,0,0
1422558101,eth0,0.00,0.00,0.00,0,0,0.00,0.00,0.00,0,0,0.00,0.00,0,0
1422558101,lo,0.00,0.00,0.00,0,0,0.00,0.00,0.00,0,0,0.00,0.00,0,0
1422558101,total,13767782.00,13846312.00,27614094.00,13846312,13767782,13455.00,13504.00,26959.00,13504,13455,0.00,0.00,0,0
1422558102,s1-eth1,4951432.00,107910.00,5059342.00,107910,4951432,3276.00,1635.00,4911.00,1635,3276,0.00,0.00,0,0
1422558102,s1-eth2,108636.00,4955974.00,5064610.00,4955974,108636,1646.00,3279.00,4925.00,3279,1646,0.00,0.00,0,0
1422558102,s2-eth1,4946890.00,106590.00,5053480.00,106590,4946890,3273.00,1615.00,4888.00,1615,3273,0.00,0.00,0,0
1422558102,s2-eth2,107910.00,4951432.00,5059342.00,4951432,107910,1635.00,3276.00,4911.00,3276,1635,0.00,0.00,0,0
1422558102,s3-eth1,4946890.00,107646.00,5054536.00,107646,4946890,3273.00,1631.00,4904.00,1631,3273,0.00,0.00,0,0
1422558102,s3-eth2,106590.00,4946890.00,5053480.00,4946890,106590,1615.00,3273.00,4888.00,3273,1615,0.00,0.00,0,0
1422558102,eth0,0.00,0.00,0.00,0,0,0.00,0.00,0.00,0,0,0.00,0.00,0,0
1422558102,lo,0.00,0.00,0.00,0,0,0.00,0.00,0.00,0,0,0.00,0.00,0,0
1422558102,total,15168348.00,15176442.00,30344790.00,15176442,15168348,14718.00,14709.00,29427.00,14709,14718,0.00,0.00,0,0
1422558103,s1-eth1,5362667.50,117432.57,5480100.00,117550,5368030,3549.45,1779.22,5328.67,1781,3553,0.00,0.00,0,0
1422558103,s1-eth2,118091.91,5361155.00,5479247.00,5366516,118210,1789.21,3548.45,5337.66,3552,1791,0.00,0.00,0,0
1422558103,s2-eth1,5367205.00,118817.19,5486022.00,118936,5372572,3552.45,1800.20,5352.65,1802,3556,0.00,0.00,0,0
1422558103,s2-eth2,117432.57,5362667.50,5480100.00,5368030,117550,1779.22,3549.45,5328.67,3553,1781,0.00,0.00,0,0
1422558103,s3-eth1,5367205.00,118883.12,5486088.00,119002,5372572,3552.45,1801.20,5353.65,1803,3556,0.00,0.00,0,0
1422558103,s3-eth2,118817.19,5367205.00,5486022.00,5372572,118936,1800.20,3552.45,5352.65,3556,1802,0.00,0.00,0,0
1422558103,eth0,0.00,0.00,0.00,0,0,0.00,0.00,0.00,0,0,0.00,0.00,0,0
1422558103,lo,1606.39,1606.39,3212.79,1608,1608,17.98,17.98,35.96,18,18,0.00,0.00,0,0
1422558103,total,16453025.00,16447767.00,32900792.00,16464214,16469478,16040.96,16048.95,32089.91,16065,16057,0.00,0.00,0,0
1422558104,s1-eth1,5827084.00,128245.52,5955329.50,128502,5838738,3853.29,1943.11,5796.41,1947,3861,0.00,0.00,0,0
1422558104,s1-eth2,126928.15,5829523.00,5956451.50,5841182,127182,1923.15,3855.29,5778.44,3863,1927,0.00,0.00,0,0
1422558104,s2-eth1,5837661.00,128245.52,5965906.50,128502,5849336,3860.28,1943.11,5803.39,1947,3868,0.00,0.00,0,0
1422558104,s2-eth2,128245.52,5827084.00,5955329.50,5838738,128502,1943.11,3853.29,5796.41,3861,1947,0.00,0.00,0,0
1422558104,s3-eth1,5836150.00,128245.52,5964395.50,128502,5847822,3859.28,1943.11,5802.40,1947,3867,0.00,0.00,0,0
1422558104,s3-eth2,128245.52,5837661.00,5965906.50,5849336,128502,1943.11,3860.28,5803.39,3868,1947,0.00,0.00,0,0
1422558104,eth0,0.00,0.00,0.00,0,0,0.00,0.00,0.00,0,0,0.00,0.00,0,0
1422558104,lo,0.00,0.00,0.00,0,0,0.00,0.00,0.00,0,0,0.00,0.00,0,0
1422558104,total,17884314.00,17879004.00,35763320.00,17914762,17920082,17382.24,17398.20,34780.44,17433,17417,0.00,0.00,0,0
1422558105,s1-eth1,6155154.00,135036.00,6290190.00,135036,6155154,4069.00,2046.00,6115.00,2046,4069,0.00,0.00,0,0
1422558105,s1-eth2,135036.00,6155738.00,6290774.00,6155738,135036,2046.00,4069.00,6115.00,4069,2046,0.00,0.00,0,0
1422558105,s2-eth1,6144556.00,135102.00,6279658.00,135102,6144556,4062.00,2047.00,6109.00,2047,4062,0.00,0.00,0,0
1422558105,s2-eth2,135036.00,6155154.00,6290190.00,6155154,135036,2046.00,4069.00,6115.00,4069,2046,0.00,0.00,0,0
1422558105,s3-eth1,6146070.00,135102.00,6281172.00,135102,6146070,4063.00,2047.00,6110.00,2047,4063,0.00,0.00,0,0
1422558105,s3-eth2,135102.00,6144556.00,6279658.00,6144556,135102,2047.00,4062.00,6109.00,4062,2047,0.00,0.00,0,0
1422558105,eth0,0.00,0.00,0.00,0,0,0.00,0.00,0.00,0,0,0.00,0.00,0,0
1422558105,lo,0.00,0.00,0.00,0,0,0.00,0.00,0.00,0,0,0.00,0.00,0,0
1422558105,total,18850954.00,18860688.00,37711640.00,18860688,18850954,18333.00,18340.00,36673.00,18340,18333,0.00,0.00,0,0
1422558106,s1-eth1,6205792.50,135161.69,6340954.50,135432,6218204,4101.80,2047.90,6149.70,2052,4110,0.00,0.00,0,0
1422558106,s1-eth2,135227.55,6207303.50,6342531.00,6219718,135498,2048.90,4102.79,6151.70,4111,2053,0.00,0.00,0,0
1422558106,s2-eth1,6204104.00,134832.34,6338936.50,135102,6216512,4099.80,2042.91,6142.71,2047,4108,0.00,0.00,0,0
1422558106,s2-eth2,135161.69,6205792.50,6340954.50,6218204,135432,2047.90,4101.80,6149.70,4110,2052,0.00,0.00,0,0
1422558106,s3-eth1,6201082.00,135227.55,6336309.50,135498,6213484,4097.80,2048.90,6146.71,2053,4106,0.00,0.00,0,0
1422558106,s3-eth2,134832.34,6204104.00,6338936.50,6216512,135102,2042.91,4099.80,6142.71,4108,2047,0.00,0.00,0,0
1422558106,eth0,0.00,0.00,0.00,0,0,0.00,0.00,0.00,0,0,0.00,0.00,0,0
1422558106,lo,0.00,0.00,0.00,0,0,0.00,0.00,0.00,0,0,0.00,0.00,0,0
1422558106,total,19016200.00,19022422.00,38038620.00,19060466,19054232,18439.12,18444.11,36883.23,18481,18476,0.00,0.00,0,0
1422558107,s1-eth1,6203856.00,134310.00,6338166.00,134310,6203856,4104.00,2035.00,6139.00,2035,4104,0.00,0.00,0,0
1422558107,s1-eth2,134310.00,6205370.00,6339680.00,6205370,134310,2035.00,4105.00,6140.00,4105,2035,0.00,0.00,0,0
1422558107,s2-eth1,6203800.00,133716.00,6337516.00,133716,6203800,4104.00,2026.00,6130.00,2026,4104,0.00,0.00,0,0
1422558107,s2-eth2,134310.00,6203856.00,6338166.00,6203856,134310,2035.00,4104.00,6139.00,4104,2035,0.00,0.00,0,0
1422558107,s3-eth1,6206828.00,134310.00,6341138.00,134310,6206828,4106.00,2035.00,6141.00,2035,4106,0.00,0.00,0,0
1422558107,s3-eth2,133716.00,6203800.00,6337516.00,6203800,133716,2026.00,4104.00,6130.00,4104,2026,0.00,0.00,0,0
1422558107,eth0,0.00,142.00,142.00,142,0,0.00,1.00,1.00,1,0,0.00,0.00,0,0
1422558107,lo,516.00,516.00,1032.00,516,516,9.00,9.00,18.00,9,9,0.00,0.00,0,0
1422558107,total,19017336.00,19016020.00,38033356.00,19016020,19017336,18419.00,18419.00,36838.00,18419,18419,0.00,0.00,0,0
1422558108,s1-eth1,6164314.00,134574.00,6298888.00,134574,6164314,4077.00,2039.00,6116.00,2039,4077,0.00,0.00,0,0
1422558108,s1-eth2,134574.00,6159772.00,6294346.00,6159772,134574,2039.00,4074.00,6113.00,4074,2039,0.00,0.00,0,0
1422558108,s2-eth1,6163034.00,135564.00,6298598.00,135564,6163034,4077.00,2054.00,6131.00,2054,4077,0.00,0.00,0,0
1422558108,s2-eth2,134574.00,6164314.00,6298888.00,6164314,134574,2039.00,4077.00,6116.00,4077,2039,0.00,0.00,0,0
1422558108,s3-eth1,6163034.00,134574.00,6297608.00,134574,6163034,4077.00,2039.00,6116.00,2039,4077,0.00,0.00,0,0
1422558108,s3-eth2,135564.00,6163034.00,6298598.00,6163034,135564,2054.00,4077.00,6131.00,4077,2054,0.00,0.00,0,0
1422558108,eth0,0.00,120.00,120.00,120,0,0.00,2.00,2.00,2,0,0.00,0.00,0,0
1422558108,lo,0.00,0.00,0.00,0,0,0.00,0.00,0.00,0,0,0.00,0.00,0,0
1422558108,total,18895094.00,18891952.00,37787048.00,18891952,18895094,18363.00,18362.00,36725.00,18362,18363,0.00,0.00,0,0
1422558109,s1-eth1,6207606.50,135560.44,6343167.00,135696,6213814,4106.89,2053.95,6160.84,2056,4111,0.00,0.00,0,0
1422558109,s1-eth2,135494.52,6207606.50,6343101.00,6213814,135630,2052.95,4106.89,6159.84,4111,2055,0.00,0.00,0,0
1422558109,s2-eth1,6210631.50,135494.52,6346126.00,135630,6216842,4108.89,2052.95,6161.84,2055,4113,0.00,0.00,0,0
1422558109,s2-eth2,135560.44,6207606.50,6343167.00,6213814,135696,2053.95,4106.89,6160.84,4111,2056,0.00,0.00,0,0
1422558109,s3-eth1,6209119.00,135494.52,6344613.50,135630,6215328,4107.89,2052.95,6160.84,2055,4112,0.00,0.00,0,0
1422558109,s3-eth2,135494.52,6210631.50,6346126.00,6216842,135630,2052.95,4108.89,6161.84,4113,2055,0.00,0.00,0,0
1422558109,eth0,0.00,0.00,0.00,0,0,0.00,0.00,0.00,0,0,0.00,0.00,0,0
1422558109,lo,0.00,0.00,0.00,0,0,0.00,0.00,0.00,0,0,0.00,0.00,0,0
1422558109,total,19014910.00,19013400.00,38028312.00,19051426,19052940,18465.07,18464.07,36929.14,18501,18502,0.00,0.00,0,0
1422558110,s1-eth1,6210453.50,136021.98,6346475.50,136158,6216664,4107.89,2060.94,6168.83,2063,4112,0.00,0.00,0,0
1422558110,s1-eth2,135956.05,6210453.50,6346410.00,6216664,136092,2059.94,4107.89,6167.83,4112,2062,0.00,0.00,0,0
1422558110,s2-eth1,6201233.50,135820.36,6337054.00,136092,6213636,4101.80,2057.88,6159.68,2062,4110,0.00,0.00,0,0
1422558110,s2-eth2,135886.23,6204255.50,6340142.00,6216664,136158,2058.88,4103.79,6162.67,4112,2063,0.00,0.00,0,0
1422558110,s3-eth1,6199722.50,135886.23,6335609.00,136158,6212122,4100.80,2058.88,6159.68,2063,4109,0.00,0.00,0,0
1422558110,s3-eth2,135820.36,6201233.50,6337054.00,6213636,136092,2057.88,4101.80,6159.68,4110,2062,0.00,0.00,0,0
1422558110,eth0,0.00,403.19,403.19,404,0,0.00,2.99,2.99,3,0,0.00,0.00,0,0
1422558110,lo,0.00,0.00,0.00,0,0,0.00,0.00,0.00,0,0,0.00,0.00,0,0
1422558110,total,19012740.00,19017742.00,38030480.00,19055776,19050764,18481.04,18488.02,36969.06,18525,18518,0.00,0.00,0,0
1422558111,s1-eth1,6222565.00,135820.36,6358385.50,136092,6235010,4116.77,2057.88,6174.65,2062,4125,0.00,0.00,0,0
1422558111,s1-eth2,135952.09,6225587.00,6361539.00,6238038,136224,2059.88,4118.76,6178.64,4127,2064,0.00,0.00,0,0
1422558111,s2-eth1,6238038.00,136290.00,6374328.00,136290,6238038,4127.00,2065.00,6192.00,2065,4127,0.00,0.00,0,0
1422558111,s2-eth2,136092.00,6235010.00,6371102.00,6235010,136092,2062.00,4125.00,6187.00,4125,2062,0.00,0.00,0,0
1422558111,s3-eth1,6240888.00,136224.00,6377112.00,136224,6240888,4128.00,2064.00,6192.00,2064,4128,0.00,0.00,0,0
1422558111,s3-eth2,136290.00,6238038.00,6374328.00,6238038,136290,2065.00,4127.00,6192.00,4127,2065,0.00,0.00,0,0
1422558111,eth0,0.00,0.00,0.00,0,0,0.00,0.00,0.00,0,0,0.00,0.00,0,0
1422558111,lo,0.00,0.00,0.00,0,0,0.00,0.00,0.00,0,0,0.00,0.00,0,0
1422558111,total,19122542.00,19119692.00,38242232.00,19119692,19122542,18571.00,18570.00,37141.00,18570,18571,0.00,0.00,0,0
1422558112,s1-eth1,6183356.00,134970.00,6318326.00,134970,6183356,4090.00,2045.00,6135.00,2045,4090,0.00,0.00,0,0
1422558112,s1-eth2,134970.00,6181842.00,6316812.00,6181842,134970,2045.00,4089.00,6134.00,4089,2045,0.00,0.00,0,0
1422558112,s2-eth1,6180328.00,134772.00,6315100.00,134772,6180328,4088.00,2042.00,6130.00,2042,4088,0.00,0.00,0,0
1422558112,s2-eth2,134970.00,6183356.00,6318326.00,6183356,134970,2045.00,4090.00,6135.00,4090,2045,0.00,0.00,0,0
1422558112,s3-eth1,6180506.00,134772.00,6315278.00,134772,6180506,4089.00,2042.00,6131.00,2042,4089,0.00,0.00,0,0
1422558112,s3-eth2,134772.00,6180328.00,6315100.00,6180328,134772,2042.00,4088.00,6130.00,4088,2042,0.00,0.00,0,0
1422558112,eth0,0.00,314.00,314.00,314,0,0.00,2.00,2.00,2,0,0.00,0.00,0,0
1422558112,lo,516.00,516.00,1032.00,516,516,9.00,9.00,18.00,9,9,0.00,0.00,0,0
1422558112,total,18949418.00,18950870.00,37900288.00,18950870,18949418,18408.00,18407.00,36815.00,18407,18408,0.00,0.00,0,0
1422558113,s1-eth1,6089842.00,132792.00,6222634.00,132792,6089842,4025.00,2012.00,6037.00,2012,4025,0.00,0.00,0,0
1422558113,s1-eth2,132726.00,6089842.00,6222568.00,6089842,132726,2011.00,4025.00,6036.00,4025,2011,0.00,0.00,0,0
1422558113,s2-eth1,6092870.00,132726.00,6225596.00,132726,6092870,4027.00,2011.00,6038.00,2011,4027,0.00,0.00,0,0
1422558113,s2-eth2,132792.00,6089842.00,6222634.00,6089842,132792,2012.00,4025.00,6037.00,4025,2012,0.00,0.00,0,0
1422558113,s3-eth1,6092870.00,132726.00,6225596.00,132726,6092870,4027.00,2011.00,6038.00,2011,4027,0.00,0.00,0,0
1422558113,s3-eth2,132726.00,6092870.00,6225596.00,6092870,132726,2011.00,4027.00,6038.00,4027,2011,0.00,0.00,0,0
1422558113,eth0,0.00,142.00,142.00,142,0,0.00,1.00,1.00,1,0,0.00,0.00,0,0
1422558113,lo,0.00,0.00,0.00,0,0,0.00,0.00,0.00,0,0,0.00,0.00,0,0
1422558113,total,18673826.00,18670940.00,37344768.00,18670940,18673826,18113.00,18112.00,36225.00,18112,18113,0.00,0.00,0,0
1422558114,s1-eth1,6209284.00,135366.00,6344650.00,135366,6209284,4106.00,2051.00,6157.00,2051,4106,0.00,0.00,0,0
1422558114,s1-eth2,135498.00,6207770.00,6343268.00,6207770,135498,2053.00,4105.00,6158.00,4105,2053,0.00,0.00,0,0
1422558114,s2-eth1,6209756.00,135564.00,6345320.00,135564,6209756,4106.00,2054.00,6160.00,2054,4106,0.00,0.00,0,0
1422558114,s2-eth2,135366.00,6209284.00,6344650.00,6209284,135366,2051.00,4106.00,6157.00,4106,2051,0.00,0.00,0,0
1422558114,s3-eth1,6209756.00,135564.00,6345320.00,135564,6209756,4106.00,2054.00,6160.00,2054,4106,0.00,0.00,0,0
1422558114,s3-eth2,135564.00,6209756.00,6345320.00,6209756,135564,2054.00,4106.00,6160.00,4106,2054,0.00,0.00,0,0
1422558114,eth0,0.00,0.00,0.00,0,0,0.00,0.00,0.00,0,0,0.00,0.00,0,0
1422558114,lo,0.00,0.00,0.00,0,0,0.00,0.00,0.00,0,0,0.00,0.00,0,0
1422558114,total,19035224.00,19033304.00,38068528.00,19033304,19035224,18476.00,18476.00,36952.00,18476,18476,0.00,0.00,0,0
1422558115,s1-eth1,6229594.00,136026.00,6365620.00,136026,6229594,4121.00,2061.00,6182.00,2061,4121,0.00,0.00,0,0
1422558115,s1-eth2,135828.00,6231108.00,6366936.00,6231108,135828,2058.00,4122.00,6180.00,4122,2058,0.00,0.00,0,0
1422558115,s2-eth1,6227608.00,135894.00,6363502.00,135894,6227608,4120.00,2059.00,6179.00,2059,4120,0.00,0.00,0,0
1422558115,s2-eth2,136026.00,6229594.00,6365620.00,6229594,136026,2061.00,4121.00,6182.00,4121,2061,0.00,0.00,0,0
1422558115,s3-eth1,6227374.00,135894.00,6363268.00,135894,6227374,4119.00,2059.00,6178.00,2059,4119,0.00,0.00,0,0
1422558115,s3-eth2,135894.00,6227608.00,6363502.00,6227608,135894,2059.00,4120.00,6179.00,4120,2059,0.00,0.00,0,0
1422558115,eth0,0.00,206.00,206.00,206,0,0.00,3.00,3.00,3,0,0.00,0.00,0,0
1422558115,lo,0.00,0.00,0.00,0,0,0.00,0.00,0.00,0,0,0.00,0.00,0,0
1422558115,total,19092324.00,19096330.00,38188656.00,19096330,19092324,18538.00,18545.00,37083.00,18545,18538,0.00,0.00,0,0
1422558116,s1-eth1,6239318.00,136224.00,6375542.00,136224,6239318,4127.00,2064.00,6191.00,2064,4127,0.00,0.00,0,0
1422558116,s1-eth2,136224.00,6237804.00,6374028.00,6237804,136224,2064.00,4126.00,6190.00,4126,2064,0.00,0.00,0,0
1422558116,s2-eth1,6237804.00,136224.00,6374028.00,136224,6237804,4126.00,2064.00,6190.00,2064,4126,0.00,0.00,0,0
1422558116,s2-eth2,136224.00,6239318.00,6375542.00,6239318,136224,2064.00,4127.00,6191.00,4127,2064,0.00,0.00,0,0
1422558116,s3-eth1,6236524.00,136224.00,6372748.00,136224,6236524,4126.00,2064.00,6190.00,2064,4126,0.00,0.00,0,0
1422558116,s3-eth2,136224.00,6237804.00,6374028.00,6237804,136224,2064.00,4126.00,6190.00,4126,2064,0.00,0.00,0,0
1422558116,eth0,0.00,0.00,0.00,0,0,0.00,0.00,0.00,0,0,0.00,0.00,0,0
1422558116,lo,0.00,0.00,0.00,0,0,0.00,0.00,0.00,0,0,0.00,0.00,0,0
1422558116,total,19122318.00,19123598.00,38245916.00,19123598,19122318,18571.00,18571.00,37142.00,18571,18571,0.00,0.00,0,0
1422558117,s1-eth1,6234898.00,136092.00,6370990.00,136092,6234898,4125.00,2062.00,6187.00,2062,4125,0.00,0.00,0,0
1422558117,s1-eth2,136092.00,6235132.00,6371224.00,6235132,136092,2062.00,4126.00,6188.00,4126,2062,0.00,0.00,0,0
1422558117,s2-eth1,6237926.00,136158.00,6374084.00,136158,6237926,4127.00,2063.00,6190.00,2063,4127,0.00,0.00,0,0
1422558117,s2-eth2,136092.00,6234898.00,6370990.00,6234898,136092,2062.00,4125.00,6187.00,4125,2062,0.00,0.00,0,0
1422558117,s3-eth1,6234898.00,136158.00,6371056.00,136158,6234898,4125.00,2063.00,6188.00,2063,4125,0.00,0.00,0,0
1422558117,s3-eth2,136158.00,6237926.00,6374084.00,6237926,136158,2063.00,4127.00,6190.00,4127,2063,0.00,0.00,0,0
1422558117,eth0,0.00,0.00,0.00,0,0,0.00,0.00,0.00,0,0,0.00,0.00,0,0
1422558117,lo,516.00,516.00,1032.00,516,516,9.00,9.00,18.00,9,9,0.00,0.00,0,0
1422558117,total,19116580.00,19116880.00,38233460.00,19116880,19116580,18573.00,18575.00,37148.00,18575,18573,0.00,0.00,0,0
1422558118,s1-eth1,6228823.50,134877.12,6363700.50,135012,6235052,4121.88,2043.96,6165.83,2046,4126,0.00,0.00,0,0
1422558118,s1-eth2,136261.73,6225564.50,6361826.50,6231790,136398,2064.94,4118.88,6183.82,4123,2067,0.00,0.00,0,0
1422558118,s2-eth1,6230336.00,136129.88,6366465.50,136266,6236566,4122.88,2062.94,6185.81,2065,4127,0.00,0.00,0,0
1422558118,s2-eth2,134877.12,6228823.50,6363700.50,6235052,135012,2043.96,4121.88,6165.83,4126,2046,0.00,0.00,0,0
1422558118,s3-eth1,6231848.50,136129.88,6367978.00,136266,6238080,4123.88,2062.94,6186.81,2065,4128,0.00,0.00,0,0
1422558118,s3-eth2,136129.88,6230336.00,6366465.50,6236566,136266,2062.94,4122.88,6185.81,4127,2065,0.00,0.00,0,0
1422558118,eth0,0.00,141.86,141.86,142,0,0.00,1.00,1.00,1,0,0.00,0.00,0,0
1422558118,lo,887.11,887.11,1774.23,888,888,8.99,8.99,17.98,9,9,0.00,0.00,0,0
1422558118,total,19099164.00,19092890.00,38192052.00,19111982,19118262,18549.45,18543.46,37092.91,18562,18568,0.00,0.00,0,0
1422558119,s1-eth1,6226632.00,136818.00,6363450.00,136818,6226632,4120.00,2073.00,6193.00,2073,4120,0.00,0.00,0,0
1422558119,s1-eth2,135498.00,6229660.00,6365158.00,6229660,135498,2053.00,4122.00,6175.00,4122,2053,0.00,0.00,0,0
1422558119,s2-eth1,6225118.00,135564.00,6360682.00,135564,6225118,4119.00,2054.00,6173.00,2054,4119,0.00,0.00,0,0
1422558119,s2-eth2,136818.00,6226632.00,6363450.00,6226632,136818,2073.00,4120.00,6193.00,4120,2073,0.00,0.00,0,0
1422558119,s3-eth1,6228146.00,135366.00,6363512.00,135366,6228146,4121.00,2051.00,6172.00,2051,4121,0.00,0.00,0,0
1422558119,s3-eth2,135564.00,6225118.00,6360682.00,6225118,135564,2054.00,4119.00,6173.00,4119,2054,0.00,0.00,0,0
1422558119,eth0,0.00,0.00,0.00,0,0,0.00,0.00,0.00,0,0,0.00,0.00,0,0
1422558119,lo,0.00,0.00,0.00,0,0,0.00,0.00,0.00,0,0,0.00,0.00,0,0
1422558119,total,19087776.00,19089158.00,38176936.00,19089158,19087776,18540.00,18539.00,37079.00,18539,18540,0.00,0.00,0,0
1422558120,s1-eth1,6228781.50,135956.05,6364737.50,136092,6235010,4120.88,2059.94,6180.82,2062,4125,0.00,0.00,0,0
1422558120,s1-eth2,135956.05,6228781.50,6364737.50,6235010,136092,2059.94,4120.88,6180.82,4125,2062,0.00,0.00,0,0
1422558120,s2-eth1,6228781.50,135890.11,6364671.50,136026,6235010,4120.88,2058.94,6179.82,2061,4125,0.00,0.00,0,0
1422558120,s2-eth2,135956.05,6228781.50,6364737.50,6235010,136092,2059.94,4120.88,6180.82,4125,2062,0.00,0.00,0,0
1422558120,s3-eth1,6227269.00,136153.84,6363423.00,136290,6233496,4119.88,2062.94,6182.82,2065,4124,0.00,0.00,0,0
1422558120,s3-eth2,135890.11,6228781.50,6364671.50,6235010,136026,2058.94,4120.88,6179.82,4125,2061,0.00,0.00,0,0
1422558120,eth0,0.00,0.00,0.00,0,0,0.00,0.00,0.00,0,0,0.00,0.00,0,0
1422558120,lo,0.00,0.00,0.00,0,0,0.00,0.00,0.00,0,0,0.00,0.00,0,0
1422558120,total,19092634.00,19094344.00,38186980.00,19113438,19111726,18540.46,18544.46,37084.92,18563,18559,0.00,0.00,0,0
1422558121,s1-eth1,6236166.00,136351.66,6372517.50,136488,6242402,4124.88,2065.93,6190.81,2068,4129,0.00,0.00,0,0
1422558121,s1-eth2,136219.78,6236166.00,6372386.00,6242402,136356,2063.94,4124.88,6188.81,4129,2066,0.00,0.00,0,0
1422558121,s2-eth1,6236166.00,136351.66,6372517.50,136488,6242402,4124.88,2065.93,6190.81,2068,4129,0.00,0.00,0,0
1422558121,s2-eth2,136351.66,6236166.00,6372517.50,6242402,136488,2065.93,4124.88,6190.81,4129,2068,0.00,0.00,0,0
1422558121,s3-eth1,6237678.50,136219.78,6373898.50,136356,6243916,4125.87,2063.94,6189.81,2066,4130,0.00,0.00,0,0
1422558121,s3-eth2,136351.66,6236166.00,6372517.50,6242402,136488,2065.93,4124.88,6190.81,4129,2068,0.00,0.00,0,0
1422558121,eth0,0.00,0.00,0.00,0,0,0.00,0.00,0.00,0,0,0.00,0.00,0,0
1422558121,lo,0.00,0.00,0.00,0,0,0.00,0.00,0.00,0,0,0.00,0.00,0,0
1422558121,total,19118934.00,19117422.00,38236356.00,19136538,19138052,18571.43,18570.43,37141.86,18589,18590,0.00,0.00,0,0
1422558122,s1-eth1,6086693.00,125742.52,6212435.50,125994,6098866,4024.95,1905.19,5930.14,1909,4033,0.00,0.00,0,0
1422558122,s1-eth2,125742.52,6086693.00,6212435.50,6098866,125994,1905.19,4024.95,5930.14,4033,1909,0.00,0.00,0,0
1422558122,s2-eth1,6086693.00,125742.52,6212435.50,125994,6098866,4024.95,1905.19,5930.14,1909,4033,0.00,0.00,0,0
1422558122,s2-eth2,125742.52,6086693.00,6212435.50,6098866,125994,1905.19,4024.95,5930.14,4033,1909,0.00,0.00,0,0
1422558122,s3-eth1,6085182.00,125808.38,6210990.00,126060,6097352,4023.95,1906.19,5930.14,1910,4032,0.00,0.00,0,0
1422558122,s3-eth2,125742.52,6086693.00,6212435.50,6098866,125994,1905.19,4024.95,5930.14,4033,1909,0.00,0.00,0,0
1422558122,eth0,0.00,119.76,119.76,120,0,0.00,2.00,2.00,2,0,0.00,0.00,0,0
1422558122,lo,514.97,514.97,1029.94,516,516,8.98,8.98,17.96,9,9,0.00,0.00,0,0
1422558122,total,18636310.00,18638006.00,37274316.00,18675282,18673582,17798.40,17802.40,35600.80,17838,17834,0.00,0.00,0,0
1422558123,s1-eth1,6216802.00,135630.00,6352432.00,135630,6216802,4109.00,2055.00,6164.00,2055,4109,0.00,0.00,0,0
1422558123,s1-eth2,135696.00,6217036.00,6352732.00,6217036,135696,2056.00,4110.00,6166.00,4110,2056,0.00,0.00,0,0
1422558123,s2-eth1,6216802.00,135300.00,6352102.00,135300,6216802,4109.00,2050.00,6159.00,2050,4109,0.00,0.00,0,0
1422558123,s2-eth2,135630.00,6216802.00,6352432.00,6216802,135630,2055.00,4109.00,6164.00,4109,2055,0.00,0.00,0,0
1422558123,s3-eth1,6218316.00,135630.00,6353946.00,135630,6218316,4110.00,2055.00,6165.00,2055,4110,0.00,0.00,0,0
1422558123,s3-eth2,135300.00,6216802.00,6352102.00,6216802,135300,2050.00,4109.00,6159.00,4109,2050,0.00,0.00,0,0
1422558123,eth0,0.00,0.00,0.00,0,0,0.00,0.00,0.00,0,0,0.00,0.00,0,0
1422558123,lo,0.00,0.00,0.00,0,0,0.00,0.00,0.00,0,0,0.00,0.00,0,0
1422558123,total,19058546.00,19057200.00,38115744.00,19057200,19058546,18489.00,18488.00,36977.00,18488,18489,0.00,0.00,0,0
1422558124,s1-eth1,6253112.00,136488.00,6389600.00,136488,6253112,4136.00,2068.00,6204.00,2068,4136,0.00,0.00,0,0
1422558124,s1-eth2,136554.00,6252878.00,6389432.00,6252878,136554,2069.00,4135.00,6204.00,4135,2069,0.00,0.00,0,0
1422558124,s2-eth1,6253112.00,136686.00,6389798.00,136686,6253112,4136.00,2071.00,6207.00,2071,4136,0.00,0.00,0,0
1422558124,s2-eth2,136488.00,6253112.00,6389600.00,6253112,136488,2068.00,4136.00,6204.00,4136,2068,0.00,0.00,0,0
1422558124,s3-eth1,6253112.00,136422.00,6389534.00,136422,6253112,4136.00,2067.00,6203.00,2067,4136,0.00,0.00,0,0
1422558124,s3-eth2,136686.00,6253112.00,6389798.00,6253112,136686,2071.00,4136.00,6207.00,4136,2071,0.00,0.00,0,0
1422558124,eth0,0.00,0.00,0.00,0,0,0.00,0.00,0.00,0,0,0.00,0.00,0,0
1422558124,lo,0.00,0.00,0.00,0,0,0.00,0.00,0.00,0,0,0.00,0.00,0,0
1422558124,total,19169064.00,19168698.00,38337760.00,19168698,19169064,18616.00,18613.00,37229.00,18613,18616,0.00,0.00,0,0
1422558125,s1-eth1,6255884.50,136417.59,6392302.00,136554,6262140,4137.86,2066.93,6204.80,2069,4142,0.00,0.00,0,0
1422558125,s1-eth2,136417.59,6254372.00,6390789.50,6260626,136554,2066.93,4136.86,6203.80,4141,2069,0.00,0.00,0,0
1422558125,s2-eth1,6251347.00,136549.45,6387896.50,136686,6257598,4134.87,2068.93,6203.80,2071,4139,0.00,0.00,0,0
1422558125,s2-eth2,136417.59,6255884.50,6392302.00,6262140,136554,2066.93,4137.86,6204.80,4142,2069,0.00,0.00,0,0
1422558125,s3-eth1,6252859.50,136549.45,6389409.00,136686,6259112,4135.86,2068.93,6204.80,2071,4140,0.00,0.00,0,0
1422558125,s3-eth2,136549.45,6251347.00,6387896.50,6257598,136686,2068.93,4134.87,6203.80,4139,2071,0.00,0.00,0,0
1422558125,eth0,0.00,0.00,0.00,0,0,0.00,0.00,0.00,0,0,0.00,0.00,0,0
1422558125,lo,0.00,0.00,0.00,0,0,0.00,0.00,0.00,0,0,0.00,0.00,0,0
1422558125,total,19169476.00,19171120.00,38340596.00,19190290,19188644,18611.39,18614.39,37225.78,18633,18630,0.00,0.00,0,0
1422558126,s1-eth1,6024680.00,131670.00,6156350.00,131670,6024680,3984.00,1995.00,5979.00,1995,3984,0.00,0.00,0,0
1422558126,s1-eth2,131208.00,6026194.00,6157402.00,6026194,131208,1988.00,3985.00,5973.00,3985,1988,0.00,0.00,0,0
1422558126,s2-eth1,6036792.00,131670.00,6168462.00,131670,6036792,3992.00,1995.00,5987.00,1995,3992,0.00,0.00,0,0
1422558126,s2-eth2,131670.00,6024680.00,6156350.00,6024680,131670,1995.00,3984.00,5979.00,3984,1995,0.00,0.00,0,0
1422558126,s3-eth1,6035278.00,131604.00,6166882.00,131604,6035278,3991.00,1994.00,5985.00,1994,3991,0.00,0.00,0,0
1422558126,s3-eth2,131670.00,6036792.00,6168462.00,6036792,131670,1995.00,3992.00,5987.00,3992,1995,0.00,0.00,0,0
1422558126,eth0,0.00,60.00,60.00,60,0,0.00,1.00,1.00,1,0,0.00,0.00,0,0
1422558126,lo,0.00,0.00,0.00,0,0,0.00,0.00,0.00,0,0,0.00,0.00,0,0
1422558126,total,18491298.00,18482670.00,36973968.00,18482670,18491298,17945.00,17946.00,35891.00,17946,17945,0.00,0.00,0,0
1422558127,s1-eth1,6191908.50,134769.23,6326677.50,134904,6198100,4089.91,2041.96,6131.87,2044,4094,0.00,0.00,0,0
1422558127,s1-eth2,135164.84,6200983.00,6336148.00,6207184,135300,2047.95,4095.90,6143.86,4100,2050,0.00,0.00,0,0
1422558127,s2-eth1,6188883.50,134835.17,6323718.50,134970,6195072,4087.91,2042.96,6130.87,2045,4092,0.00,0.00,0,0
1422558127,s2-eth2,134769.23,6191908.50,6326677.50,6198100,134904,2041.96,4089.91,6131.87,4094,2044,0.00,0.00,0,0
1422558127,s3-eth1,6184346.00,134835.17,6319181.00,134970,6190530,4084.92,2042.96,6127.87,2045,4089,0.00,0.00,0,0
1422558127,s3-eth2,134835.17,6188883.50,6323718.50,6195072,134970,2042.96,4087.91,6130.87,4092,2045,0.00,0.00,0,0
1422558127,eth0,0.00,141.86,141.86,142,0,0.00,1.00,1.00,1,0,0.00,0.00,0,0
1422558127,lo,515.48,515.48,1030.97,516,516,8.99,8.99,17.98,9,9,0.00,0.00,0,0
1422558127,total,18970422.00,18986872.00,37957292.00,19005858,18989392,18404.60,18411.59,36816.18,18430,18423,0.00,0.00,0,0
1422558128,s1-eth1,6097668.00,132198.00,6229866.00,132198,6097668,4030.00,2003.00,6033.00,2003,4030,0.00,0.00,0,0
1422558128,s1-eth2,132066.00,6081014.00,6213080.00,6081014,132066,2001.00,4019.00,6020.00,4019,2001,0.00,0.00,0,0
1422558128,s2-eth1,6094640.00,132132.00,6226772.00,132132,6094640,4028.00,2002.00,6030.00,2002,4028,0.00,0.00,0,0
1422558128,s2-eth2,132198.00,6097668.00,6229866.00,6097668,132198,2003.00,4030.00,6033.00,4030,2003,0.00,0.00,0,0
1422558128,s3-eth1,6096154.00,132132.00,6228286.00,132132,6096154,4029.00,2002.00,6031.00,2002,4029,0.00,0.00,0,0
1422558128,s3-eth2,132132.00,6094640.00,6226772.00,6094640,132132,2002.00,4028.00,6030.00,4028,2002,0.00,0.00,0,0
1422558128,eth0,0.00,0.00,0.00,0,0,0.00,0.00,0.00,0,0,0.00,0.00,0,0
1422558128,lo,0.00,0.00,0.00,0,0,0.00,0.00,0.00,0,0,0.00,0.00,0,0
1422558128,total,18684858.00,18669784.00,37354640.00,18669784,18684858,18093.00,18084.00,36177.00,18084,18093,0.00,0.00,0,0
1422558129,s1-eth1,6241832.50,135622.77,6377455.50,135894,6254316,4125.75,2054.89,6180.64,2059,4134,0.00,0.00,0,0
1422558129,s1-eth2,136017.97,6256942.50,6392960.50,6269456,136290,2060.88,4135.73,6196.61,4144,2065,0.00,0.00,0,0
1422558129,s2-eth1,6234277.50,134766.47,6369044.00,135036,6246746,4120.76,2041.92,6162.67,2046,4129,0.00,0.00,0,0
1422558129,s2-eth2,135622.77,6241832.50,6377455.50,6254316,135894,2054.89,4125.75,6180.64,4134,2059,0.00,0.00,0,0
1422558129,s3-eth1,6229744.50,136017.97,6365762.50,136290,6242204,4117.76,2060.88,6178.64,2065,4126,0.00,0.00,0,0
1422558129,s3-eth2,134632.11,6228062.00,6362694.00,6246746,135036,2039.88,4116.65,6156.53,4129,2046,0.00,0.00,0,0
1422558129,eth0,0.00,119.64,119.64,120,0,0.00,1.99,1.99,2,0,0.00,0.00,0,0
1422558129,lo,0.00,0.00,0.00,0,0,0.00,0.00,0.00,0,0,0.00,0.00,0,0
1422558129,total,19093206.00,19120496.00,38213704.00,19177858,19150486,18503.49,18523.43,37026.92,18579,18559,0.00,0.00,0,0
1422558130,s1-eth1,6203876.50,135754.50,6339631.00,136026,6216284,4101.80,2056.89,6158.68,2061,4110,0.00,0.00,0,0
1422558130,s1-eth2,135556.89,6196321.50,6331878.50,6208714,135828,2053.89,4096.81,6150.70,4105,2058,0.00,0.00,0,0
1422558130,s2-eth1,6208409.50,136676.66,6345086.00,136950,6220826,4104.79,2070.86,6175.65,2075,4113,0.00,0.00,0,0
1422558130,s2-eth2,135754.50,6203876.50,6339631.00,6216284,136026,2056.89,4101.80,6158.68,4110,2061,0.00,0.00,0,0
1422558130,s3-eth1,6216323.50,135491.02,6351814.50,135762,6228756,4109.78,2052.89,6162.67,2057,4118,0.00,0.00,0,0
1422558130,s3-eth2,136676.66,6208409.50,6345086.00,6220826,136950,2070.86,4104.79,6175.65,4113,2075,0.00,0.00,0,0
1422558130,eth0,0.00,0.00,0.00,0,0,0.00,0.00,0.00,0,0,0.00,0.00,0,0
1422558130,lo,0.00,0.00,0.00,0,0,0.00,0.00,0.00,0,0,0.00,0.00,0,0
1422558130,total,19036598.00,19016530.00,38053128.00,19054562,19074670,18498.00,18484.03,36982.04,18521,18535,0.00,0.00,0,0
1422558131,s1-eth1,6236204.00,136224.00,6372428.00,136224,6236204,4122.00,2064.00,6186.00,2064,4122,0.00,0.00,0,0
1422558131,s1-eth2,136224.00,6243774.00,6379998.00,6243774,136224,2064.00,4127.00,6191.00,4127,2064,0.00,0.00,0,0
1422558131,s2-eth1,6237966.00,136158.00,6374124.00,136158,6237966,4123.00,2063.00,6186.00,2063,4123,0.00,0.00,0,0
1422558131,s2-eth2,136224.00,6236204.00,6372428.00,6236204,136224,2064.00,4122.00,6186.00,4122,2064,0.00,0.00,0,0
1422558131,s3-eth1,6237606.00,136092.00,6373698.00,136092,6237606,4123.00,2062.00,6185.00,2062,4123,0.00,0.00,0,0
1422558131,s3-eth2,136158.00,6237966.00,6374124.00,6237966,136158,2063.00,4123.00,6186.00,4123,2063,0.00,0.00,0,0
1422558131,eth0,0.00,0.00,0.00,0,0,0.00,0.00,0.00,0,0,0.00,0.00,0,0
1422558131,lo,0.00,0.00,0.00,0,0,0.00,0.00,0.00,0,0,0.00,0.00,0,0
1422558131,total,19120382.00,19126418.00,38246800.00,19126418,19120382,18559.00,18561.00,37120.00,18561,18559,0.00,0.00,0,0
1422558132,s1-eth1,6260976.00,136620.00,6397596.00,136620,6260976,4140.00,2070.00,6210.00,2070,4140,0.00,0.00,0,0
1422558132,s1-eth2,136488.00,6253406.00,6389894.00,6253406,136488,2068.00,4135.00,6203.00,4135,2068,0.00,0.00,0,0
1422558132,s2-eth1,6260728.00,136620.00,6397348.00,136620,6260728,4140.00,2070.00,6210.00,2070,4140,0.00,0.00,0,0
1422558132,s2-eth2,136620.00,6260976.00,6397596.00,6260976,136620,2070.00,4140.00,6210.00,4140,2070,0.00,0.00,0,0
1422558132,s3-eth1,6259214.00,136620.00,6395834.00,136620,6259214,4139.00,2070.00,6209.00,2070,4139,0.00,0.00,0,0
1422558132,s3-eth2,136620.00,6260728.00,6397348.00,6260728,136620,2070.00,4140.00,6210.00,4140,2070,0.00,0.00,0,0
1422558132,eth0,0.00,142.00,142.00,142,0,0.00,1.00,1.00,1,0,0.00,0.00,0,0
1422558132,lo,516.00,516.00,1032.00,516,516,9.00,9.00,18.00,9,9,0.00,0.00,0,0
1422558132,total,19191162.00,19185628.00,38376792.00,19185628,19191162,18636.00,18635.00,37271.00,18635,18636,0.00,0.00,0,0
1422558133,s1-eth1,5724182.00,125400.00,5849582.00,125400,5724182,3783.00,1900.00,5683.00,1900,3783,0.00,0.00,0,0
1422558133,s1-eth2,125598.00,5724182.00,5849780.00,5724182,125598,1903.00,3783.00,5686.00,3783,1903,0.00,0.00,0,0
1422558133,s2-eth1,5737808.00,125466.00,5863274.00,125466,5737808,3792.00,1901.00,5693.00,1901,3792,0.00,0.00,0,0
1422558133,s2-eth2,125400.00,5724182.00,5849582.00,5724182,125400,1900.00,3783.00,5683.00,3783,1900,0.00,0.00,0,0
1422558133,s3-eth1,5760518.00,125070.00,5885588.00,125070,5760518,3807.00,1895.00,5702.00,1895,3807,0.00,0.00,0,0
1422558133,s3-eth2,125466.00,5737808.00,5863274.00,5737808,125466,1901.00,3792.00,5693.00,3792,1901,0.00,0.00,0,0
1422558133,eth0,0.00,0.00,0.00,0,0,0.00,0.00,0.00,0,0,0.00,0.00,0,0
1422558133,lo,0.00,0.00,0.00,0,0,0.00,0.00,0.00,0,0,0.00,0.00,0,0
1422558133,total,17598972.00,17562108.00,35161080.00,17562108,17598972,17086.00,17054.00,34140.00,17054,17086,0.00,0.00,0,0
1422558134,s1-eth1,5685070.00,122496.00,5807566.00,122496,5685070,3755.00,1856.00,5611.00,1856,3755,0.00,0.00,0,0
1422558134,s1-eth2,122166.00,5685070.00,5807236.00,5685070,122166,1851.00,3755.00,5606.00,3755,1851,0.00,0.00,0,0
1422558134,s2-eth1,5669930.00,122364.00,5792294.00,122364,5669930,3745.00,1854.00,5599.00,1854,3745,0.00,0.00,0,0
1422558134,s2-eth2,122496.00,5685070.00,5807566.00,5685070,122496,1856.00,3755.00,5611.00,3755,1856,0.00,0.00,0,0
1422558134,s3-eth1,5651762.00,122760.00,5774522.00,122760,5651762,3733.00,1860.00,5593.00,1860,3733,0.00,0.00,0,0
1422558134,s3-eth2,122241.76,5664266.00,5786507.50,5669930,122364,1852.15,3741.26,5593.41,3745,1854,0.00,0.00,0,0
1422558134,eth0,0.00,0.00,0.00,0,0,0.00,0.00,0.00,0,0,0.00,0.00,0,0
1422558134,lo,0.00,0.00,0.00,0,0,0.00,0.00,0.00,0,0,0.00,0.00,0,0
1422558134,total,17356432.00,17390300.00,34746736.00,17407690,17373788,16777.22,16808.19,33585.42,16825,16794,0.00,0.00,0,0
1422558135,s1-eth1,6213684.50,135230.77,6348915.50,135366,6219898,4104.90,2048.95,6153.85,2051,4109,0.00,0.00,0,0
1422558135,s1-eth2,135494.52,6213684.50,6349179.00,6219898,135630,2052.95,4104.90,6157.84,4109,2055,0.00,0.00,0,0
1422558135,s2-eth1,6215197.00,135296.70,6350493.50,135432,6221412,4105.89,2049.95,6155.84,2052,4110,0.00,0.00,0,0
1422558135,s2-eth2,135230.77,6213684.50,6348915.50,6219898,135366,2048.95,4104.90,6153.85,4109,2051,0.00,0.00,0,0
1422558135,s3-eth1,6212172.00,135428.58,6347600.50,135564,6218384,4103.90,2051.95,6155.84,2054,4108,0.00,0.00,0,0
1422558135,s3-eth2,135432.00,6221412.00,6356844.00,6221412,135432,2052.00,4110.00,6162.00,4110,2052,0.00,0.00,0,0
1422558135,eth0,0.00,0.00,0.00,0,0,0.00,0.00,0.00,0,0,0.00,0.00,0,0
1422558135,lo,0.00,0.00,0.00,0,0,0.00,0.00,0.00,0,0,0.00,0.00,0,0
1422558135,total,19066122.00,19067570.00,38133692.00,19067570,19066122,18485.00,18485.00,36970.00,18485,18485,0.00,0.00,0,0
1422558136,s1-eth1,6250988.00,136158.00,6387146.00,136158,6250988,4130.00,2063.00,6193.00,2063,4130,0.00,0.00,0,0
1422558136,s1-eth2,136158.00,6249474.00,6385632.00,6249474,136158,2063.00,4129.00,6192.00,4129,2063,0.00,0.00,0,0
1422558136,s2-eth1,6244932.00,136224.00,6381156.00,136224,6244932,4126.00,2064.00,6190.00,2064,4126,0.00,0.00,0,0
1422558136,s2-eth2,136158.00,6250988.00,6387146.00,6250988,136158,2063.00,4130.00,6193.00,4130,2063,0.00,0.00,0,0
1422558136,s3-eth1,6244932.00,136092.00,6381024.00,136092,6244932,4126.00,2062.00,6188.00,2062,4126,0.00,0.00,0,0
1422558136,s3-eth2,136224.00,6244932.00,6381156.00,6244932,136224,2064.00,4126.00,6190.00,4126,2064,0.00,0.00,0,0
1422558136,eth0,0.00,120.00,120.00,120,0,0.00,2.00,2.00,2,0,0.00,0.00,0,0
1422558136,lo,0.00,0.00,0.00,0,0,0.00,0.00,0.00,0,0,0.00,0.00,0,0
1422558136,total,19149392.00,19153988.00,38303380.00,19153988,19149392,18572.00,18576.00,37148.00,18576,18572,0.00,0.00,0,0
1422558137,s1-eth1,6238918.00,136290.00,6375208.00,136290,6238918,4123.00,2065.00,6188.00,2065,4123,0.00,0.00,0,0
1422558137,s1-eth2,136356.00,6241946.00,6378302.00,6241946,136356,2066.00,4125.00,6191.00,4125,2066,0.00,0.00,0,0
1422558137,s2-eth1,6244974.00,136356.00,6381330.00,136356,6244974,4127.00,2066.00,6193.00,2066,4127,0.00,0.00,0,0
1422558137,s2-eth2,136290.00,6238918.00,6375208.00,6238918,136290,2065.00,4123.00,6188.00,4123,2065,0.00,0.00,0,0
1422558137,s3-eth1,6244974.00,136356.00,6381330.00,136356,6244974,4127.00,2066.00,6193.00,2066,4127,0.00,0.00,0,0
1422558137,s3-eth2,136356.00,6244974.00,6381330.00,6244974,136356,2066.00,4127.00,6193.00,4127,2066,0.00,0.00,0,0
1422558137,eth0,0.00,0.00,0.00,0,0,0.00,0.00,0.00,0,0,0.00,0.00,0,0
1422558137,lo,516.00,516.00,1032.00,516,516,9.00,9.00,18.00,9,9,0.00,0.00,0,0
1422558137,total,19138384.00,19135356.00,38273740.00,19135356,19138384,18583.00,18581.00,37164.00,18581,18583,0.00,0.00,0,0
1422558138,s1-eth1,6210737.50,136021.98,6346759.50,136158,6216948,4105.89,2060.94,6166.83,2063,4110,0.00,0.00,0,0
1422558138,s1-eth2,135956.05,6145700.50,6281656.50,6151846,136092,2059.94,4062.94,6122.88,4067,2062,0.00,0.00,0,0
1422558138,s2-eth1,6233424.50,135890.11,6369315.00,136026,6239658,4120.88,2058.94,6179.82,2061,4125,0.00,0.00,0,0
1422558138,s2-eth2,136021.98,6210737.50,6346759.50,6216948,136158,2060.94,4105.89,6166.83,4110,2063,0.00,0.00,0,0
1422558138,s3-eth1,6231912.50,135890.11,6367802.50,136026,6238144,4119.88,2058.94,6178.82,2061,4124,0.00,0.00,0,0
1422558138,s3-eth2,135890.11,6233424.50,6369315.00,6239658,136026,2058.94,4120.88,6179.82,4125,2061,0.00,0.00,0,0
1422558138,eth0,0.00,201.80,201.80,202,0,0.00,2.00,2.00,2,0,0.00,0.00,0,0
1422558138,lo,0.00,0.00,0.00,0,0,0.00,0.00,0.00,0,0,0.00,0.00,0,0
1422558138,total,19064896.00,18978906.00,38043800.00,19016864,19103026,18507.98,18452.10,36960.08,18489,18545,0.00,0.00,0,0
1422558139,s1-eth1,6162851.50,134109.89,6296961.00,134244,6169014,4074.93,2031.97,6106.89,2034,4079,0.00,0.00,0,0
1422558139,s1-eth2,134109.89,6165876.50,6299986.00,6172042,134244,2031.97,4076.92,6108.89,4081,2034,0.00,0.00,0,0
1422558139,s2-eth1,6141676.50,134109.89,6275786.50,134244,6147818,4060.94,2031.97,6092.91,2034,4065,0.00,0.00,0,0
1422558139,s2-eth2,134109.89,6162851.50,6296961.00,6169014,134244,2031.97,4074.93,6106.89,4079,2034,0.00,0.00,0,0
1422558139,s3-eth1,6143189.00,134043.95,6277233.00,134178,6149332,4061.94,2030.97,6092.91,2033,4066,0.00,0.00,0,0
1422558139,s3-eth2,134109.89,6141676.50,6275786.50,6147818,134244,2031.97,4060.94,6092.91,4065,2034,0.00,0.00,0,0
1422558139,eth0,0.00,0.00,0.00,0,0,0.00,0.00,0.00,0,0,0.00,0.00,0,0
1422558139,lo,0.00,0.00,0.00,0,0,0.00,0.00,0.00,0,0,0.00,0.00,0,0
1422558139,total,18868896.00,18891540.00,37760436.00,18891540,18868896,18312.00,18326.00,36638.00,18326,18312,0.00,0.00,0,0
1422558140,s1-eth1,6201470.50,135098.91,6336569.50,135234,6207672,4099.90,2046.95,6146.85,2049,4104,0.00,0.00,0,0
1422558140,s1-eth2,135098.91,6260457.50,6395556.50,6266718,135234,2046.95,4138.86,6185.81,4143,2049,0.00,0.00,0,0
1422558140,s2-eth1,6198445.50,135098.91,6333544.50,135234,6204644,4097.90,2046.95,6144.86,2049,4102,0.00,0.00,0,0
1422558140,s2-eth2,135098.91,6201470.50,6336569.50,6207672,135234,2046.95,4099.90,6146.85,4104,2049,0.00,0.00,0,0
1422558140,s3-eth1,6193908.50,135164.84,6329073.00,135300,6200102,4094.91,2047.95,6142.86,2050,4099,0.00,0.00,0,0
1422558140,s3-eth2,135098.91,6198445.50,6333544.50,6204644,135234,2046.95,4097.90,6144.86,4102,2049,0.00,0.00,0,0
1422558140,eth0,0.00,289.71,289.71,290,0,0.00,2.00,2.00,2,0,0.00,0.00,0,0
1422558140,lo,0.00,0.00,0.00,0,0,0.00,0.00,0.00,0,0,0.00,0.00,0,0
1422558140,total,18999122.00,19066026.00,38065148.00,19085092,19018120,18433.57,18480.52,36914.09,18499,18452,0.00,0.00,0,0
1422558141,s1-eth1,6027992.00,131250.75,6159243.00,131382,6034020,3986.01,1989.01,5975.03,1991,3990,0.00,0.00,0,0
1422558141,s1-eth2,131316.69,6029504.50,6160821.50,6035534,131448,1990.01,3987.01,5977.02,3991,1992,0.00,0.00,0,0
1422558141,s2-eth1,6027992.00,131118.89,6159111.00,131250,6034020,3986.01,1987.01,5973.03,1989,3990,0.00,0.00,0,0
1422558141,s2-eth2,131250.75,6027992.00,6159243.00,6034020,131382,1989.01,3986.01,5975.03,3990,1991,0.00,0.00,0,0
1422558141,s3-eth1,6032529.50,131118.89,6163648.50,131250,6038562,3989.01,1987.01,5976.02,1989,3993,0.00,0.00,0,0
1422558141,s3-eth2,131118.89,6027992.00,6159111.00,6034020,131250,1987.01,3986.01,5973.03,3990,1989,0.00,0.00,0,0
1422558141,eth0,0.00,0.00,0.00,0,0,0.00,0.00,0.00,0,0,0.00,0.00,0,0
1422558141,lo,0.00,0.00,0.00,0,0,0.00,0.00,0.00,0,0,0.00,0.00,0,0
1422558141,total,18482200.00,18478978.00,36961176.00,18497456,18500682,17927.07,17922.08,35849.15,17940,17945,0.00,0.00,0,0
1422558142,s1-eth1,6207175.00,135362.64,6342537.50,135498,6213382,4102.90,2050.95,6153.85,2053,4107,0.00,0.00,0,0
1422558142,s1-eth2,135296.70,6213225.00,6348521.50,6219438,135432,2049.95,4106.89,6156.84,4111,2052,0.00,0.00,0,0
1422558142,s2-eth1,6208687.50,135626.38,6344314.00,135762,6214896,4103.90,2054.95,6158.84,2057,4108,0.00,0.00,0,0
1422558142,s2-eth2,135362.64,6207175.00,6342537.50,6213382,135498,2050.95,4102.90,6153.85,4107,2053,0.00,0.00,0,0
1422558142,s3-eth1,6210200.00,135560.44,6345760.50,135696,6216410,4104.90,2053.95,6158.84,2056,4109,0.00,0.00,0,0
1422558142,s3-eth2,135626.38,6208687.50,6344314.00,6214896,135762,2054.95,4103.90,6158.84,4108,2057,0.00,0.00,0,0
1422558142,eth0,0.00,313.69,313.69,314,0,0.00,2.00,2.00,2,0,0.00,0.00,0,0
1422558142,lo,515.48,515.48,1030.97,516,516,8.99,8.99,17.98,9,9,0.00,0.00,0,0
1422558142,total,19032864.00,19036466.00,38069332.00,19055502,19051896,18476.52,18484.52,36961.04,18503,18495,0.00,0.00,0,0
1422558143,s1-eth1,6240927.00,136219.78,6377147.00,136356,6247168,4127.87,2063.94,6191.81,2066,4132,0.00,0.00,0,0
1422558143,s1-eth2,136351.66,6239415.00,6375766.50,6245654,136488,2065.93,4126.87,6192.81,4131,2068,0.00,0.00,0,0
1422558143,s2-eth1,6240927.00,136219.78,6377147.00,136356,6247168,4127.87,2063.94,6191.81,2066,4132,0.00,0.00,0,0
1422558143,s2-eth2,136219.78,6240927.00,6377147.00,6247168,136356,2063.94,4127.87,6191.81,4132,2066,0.00,0.00,0,0
1422558143,s3-eth1,6239415.00,136153.84,6375568.50,136290,6245654,4126.87,2062.94,6189.81,2065,4131,0.00,0.00,0,0
1422558143,s3-eth2,136219.78,6240927.00,6377147.00,6247168,136356,2063.94,4127.87,6191.81,4132,2066,0.00,0.00,0,0
1422558143,eth0,0.00,119.88,119.88,120,0,0.00,2.00,2.00,2,0,0.00,0.00,0,0
1422558143,lo,0.00,0.00,0.00,0,0,0.00,0.00,0.00,0,0,0.00,0.00,0,0
1422558143,total,19110968.00,19110890.00,38221860.00,19149112,19149190,18557.88,18556.89,37114.77,18594,18595,0.00,0.00,0,0
1422558144,s1-eth1,6246360.00,136356.00,6382716.00,136356,6246360,4132.00,2066.00,6198.00,2066,4132,0.00,0.00,0,0
1422558144,s1-eth2,136224.00,6241818.00,6378042.00,6241818,136224,2064.00,4129.00,6193.00,4129,2064,0.00,0.00,0,0
1422558144,s2-eth1,6246360.00,136224.00,6382584.00,136224,6246360,4132.00,2064.00,6196.00,2064,4132,0.00,0.00,0,0
1422558144,s2-eth2,136356.00,6246360.00,6382716.00,6246360,136356,2066.00,4132.00,6198.00,4132,2066,0.00,0.00,0,0
1422558144,s3-eth1,6242402.00,136356.00,6378758.00,136356,6242402,4129.00,2066.00,6195.00,2066,4129,0.00,0.00,0,0
1422558144,s3-eth2,136224.00,6246360.00,6382584.00,6246360,136224,2064.00,4132.00,6196.00,4132,2064,0.00,0.00,0,0
1422558144,eth0,0.00,0.00,0.00,0,0,0.00,0.00,0.00,0,0,0.00,0.00,0,0
1422558144,lo,0.00,0.00,0.00,0,0,0.00,0.00,0.00,0,0,0.00,0.00,0,0
1422558144,total,19143926.00,19143474.00,38287400.00,19143474,19143926,18587.00,18589.00,37176.00,18589,18587,0.00,0.00,0,0
1422558145,s1-eth1,6251486.00,136488.00,6387974.00,136488,6251486,4135.00,2068.00,6203.00,2068,4135,0.00,0.00,0,0
1422558145,s1-eth2,136356.00,6256028.00,6392384.00,6256028,136356,2066.00,4138.00,6204.00,4138,2066,0.00,0.00,0,0
1422558145,s2-eth1,6251486.00,136488.00,6387974.00,136488,6251486,4135.00,2068.00,6203.00,2068,4135,0.00,0.00,0,0
1422558145,s2-eth2,136488.00,6251486.00,6387974.00,6251486,136488,2068.00,4135.00,6203.00,4135,2068,0.00,0.00,0,0
1422558145,s3-eth1,6255444.00,136422.00,6391866.00,136422,6255444,4138.00,2067.00,6205.00,2067,4138,0.00,0.00,0,0
1422558145,s3-eth2,136488.00,6251486.00,6387974.00,6251486,136488,2068.00,4135.00,6203.00,4135,2068,0.00,0.00,0,0
1422558145,eth0,0.00,86.00,86.00,86,0,0.00,1.00,1.00,1,0,0.00,0.00,0,0
1422558145,lo,0.00,0.00,0.00,0,0,0.00,0.00,0.00,0,0,0.00,0.00,0,0
1422558145,total,19167748.00,19168484.00,38336232.00,19168484,19167748,18610.00,18612.00,37222.00,18612,18610,0.00,0.00,0,0
1422558146,s1-eth1,6253762.00,136356.00,6390118.00,136356,6253762,4137.00,2066.00,6203.00,2066,4137,0.00,0.00,0,0
1422558146,s1-eth2,136488.00,6250734.00,6387222.00,6250734,136488,2068.00,4135.00,6203.00,4135,2068,0.00,0.00,0,0
1422558146,s2-eth1,6252248.00,136488.00,6388736.00,136488,6252248,4136.00,2068.00,6204.00,2068,4136,0.00,0.00,0,0
1422558146,s2-eth2,136356.00,6253762.00,6390118.00,6253762,136356,2066.00,4137.00,6203.00,4137,2066,0.00,0.00,0,0
1422558146,s3-eth1,6249220.00,136554.00,6385774.00,136554,6249220,4134.00,2069.00,6203.00,2069,4134,0.00,0.00,0,0
1422558146,s3-eth2,136488.00,6252248.00,6388736.00,6252248,136488,2068.00,4136.00,6204.00,4136,2068,0.00,0.00,0,0
1422558146,eth0,0.00,0.00,0.00,0,0,0.00,0.00,0.00,0,0,0.00,0.00,0,0
1422558146,lo,0.00,0.00,0.00,0,0,0.00,0.00,0.00,0,0,0.00,0.00,0,0
1422558146,total,19164562.00,19166142.00,38330704.00,19166142,19164562,18609.00,18611.00,37220.00,18611,18609,0.00,0.00,0,0
1422558147,s1-eth1,6251774.00,136488.00,6388262.00,136488,6251774,4131.00,2068.00,6199.00,2068,4131,0.00,0.00,0,0
1422558147,s1-eth2,136422.00,6253288.00,6389710.00,6253288,136422,2067.00,4132.00,6199.00,4132,2067,0.00,0.00,0,0
1422558147,s2-eth1,6250260.00,136290.00,6386550.00,136290,6250260,4130.00,2065.00,6195.00,2065,4130,0.00,0.00,0,0
1422558147,s2-eth2,136488.00,6251774.00,6388262.00,6251774,136488,2068.00,4131.00,6199.00,4131,2068,0.00,0.00,0,0
1422558147,s3-eth1,6253288.00,136290.00,6389578.00,136290,6253288,4132.00,2065.00,6197.00,2065,4132,0.00,0.00,0,0
1422558147,s3-eth2,136290.00,6250260.00,6386550.00,6250260,136290,2065.00,4130.00,6195.00,4130,2065,0.00,0.00,0,0
1422558147,eth0,0.00,0.00,0.00,0,0,0.00,0.00,0.00,0,0,0.00,0.00,0,0
1422558147,lo,516.00,516.00,1032.00,516,516,9.00,9.00,18.00,9,9,0.00,0.00,0,0
1422558147,total,19165038.00,19164906.00,38329944.00,19164906,19165038,18602.00,18600.00,37202.00,18600,18602,0.00,0.00,0,0
1422558148,s1-eth1,6206772.50,135425.16,6342198.00,135696,6219186,4104.79,2051.90,6156.69,2056,4113,0.00,0.00,0,0
1422558148,s1-eth2,135359.28,6206772.50,6342132.00,6219186,135630,2050.90,4104.79,6155.69,4113,2055,0.00,0.00,0,0
1422558148,s2-eth1,6208283.50,135491.02,6343774.50,135762,6220700,4105.79,2052.89,6158.68,2057,4114,0.00,0.00,0,0
1422558148,s2-eth2,135425.16,6206772.50,6342198.00,6219186,135696,2051.90,4104.79,6156.69,4113,2056,0.00,0.00,0,0
1422558148,s3-eth1,6205261.50,135491.02,6340752.50,135762,6217672,4103.79,2052.89,6156.69,2057,4112,0.00,0.00,0,0
1422558148,s3-eth2,135491.02,6208283.50,6343774.50,6220700,135762,2052.89,4105.79,6158.68,4114,2057,0.00,0.00,0,0
1422558148,eth0,0.00,141.72,141.72,142,0,0.00,1.00,1.00,1,0,0.00,0.00,0,0
1422558148,lo,0.00,0.00,0.00,0,0,0.00,0.00,0.00,0,0,0.00,0.00,0,0
1422558148,total,19026594.00,19028378.00,38054972.00,19066434,19064646,18470.06,18474.05,36944.11,18511,18507,0.00,0.00,0,0
1422558149,s1-eth1,6253996.00,136356.00,6390352.00,136356,6253996,4138.00,2066.00,6204.00,2066,4138,0.00,0.00,0,0
1422558149,s1-eth2,136554.00,6255510.00,6392064.00,6255510,136554,2069.00,4139.00,6208.00,4139,2069,0.00,0.00,0,0
1422558149,s2-eth1,6252482.00,136356.00,6388838.00,136356,6252482,4137.00,2066.00,6203.00,2066,4137,0.00,0.00,0,0
1422558149,s2-eth2,136356.00,6253996.00,6390352.00,6253996,136356,2066.00,4138.00,6204.00,4138,2066,0.00,0.00,0,0
1422558149,s3-eth1,6252248.00,136422.00,6388670.00,136422,6252248,4136.00,2067.00,6203.00,2067,4136,0.00,0.00,0,0
1422558149,s3-eth2,136356.00,6252482.00,6388838.00,6252482,136356,2066.00,4137.00,6203.00,4137,2066,0.00,0.00,0,0
1422558149,eth0,0.00,0.00,0.00,0,0,0.00,0.00,0.00,0,0,0.00,0.00,0,0
1422558149,lo,0.00,0.00,0.00,0,0,0.00,0.00,0.00,0,0,0.00,0.00,0,0
1422558149,total,19167992.00,19171122.00,38339112.00,19171122,19167992,18612.00,18613.00,37225.00,18613,18612,0.00,0.00,0,0
1422558150,s1-eth1,6186198.00,135230.77,6321428.50,135366,6192384,4091.91,2048.95,6140.86,2051,4096,0.00,0.00,0,0
1422558150,s1-eth2,135164.84,6181838.50,6317003.00,6188020,135300,2047.95,4089.91,6137.86,4094,2050,0.00,0.00,0,0
1422558150,s2-eth1,6224010.00,135230.77,6359241.00,135366,6230234,4116.88,2048.95,6165.83,2051,4121,0.00,0.00,0,0
1422558150,s2-eth2,135230.77,6186198.00,6321428.50,6192384,135366,2048.95,4091.91,6140.86,4096,2051,0.00,0.00,0,0
1422558150,s3-eth1,6239369.00,135230.77,6374599.50,135366,6245608,4127.87,2048.95,6176.82,2051,4132,0.00,0.00,0,0
1422558150,s3-eth2,135230.77,6224010.00,6359241.00,6230234,135366,2048.95,4116.88,6165.83,4121,2051,0.00,0.00,0,0
1422558150,eth0,0.00,119.88,119.88,120,0,0.00,2.00,2.00,2,0,0.00,0.00,0,0
1422558150,lo,0.00,0.00,0.00,0,0,0.00,0.00,0.00,0,0,0.00,0.00,0,0
1422558150,total,19055204.00,18997858.00,38053060.00,19016856,19074258,18482.52,18447.55,36930.07,18466,18501,0.00,0.00,0,0
1422558151,s1-eth1,6168535.00,132000.00,6300535.00,132264,6180872,4075.85,2000.00,6075.85,2004,4084,0.00,0.00,0,0
1422558151,s1-eth2,132000.00,6166846.50,6298846.50,6179180,132264,2000.00,4073.85,6073.85,4082,2004,0.00,0.00,0,0
1422558151,s2-eth1,6127738.50,132000.00,6259738.50,132264,6139994,4048.90,2000.00,6048.90,2004,4057,0.00,0.00,0,0
1422558151,s2-eth2,132000.00,6168535.00,6300535.00,6180872,132264,2000.00,4075.85,6075.85,4084,2004,0.00,0.00,0,0
1422558151,s3-eth1,6114140.00,132000.00,6246140.00,132264,6126368,4039.92,2000.00,6039.92,2004,4048,0.00,0.00,0,0
1422558151,s3-eth2,132000.00,6127738.50,6259738.50,6139994,132264,2000.00,4048.90,6048.90,4057,2004,0.00,0.00,0,0
1422558151,eth0,0.00,0.00,0.00,0,0,0.00,0.00,0.00,0,0,0.00,0.00,0,0
1422558151,lo,0.00,0.00,0.00,0,0,0.00,0.00,0.00,0,0,0.00,0.00,0,0
1422558151,total,18787664.00,18840318.00,37627980.00,18896838,18844026,18146.56,18180.46,36327.02,18235,18201,0.00,0.00,0,0
1422558152,s1-eth1,6239828.50,136281.44,6376110.00,136554,6252308,4125.75,2064.87,6190.62,2069,4134,0.00,0.00,0,0
1422558152,s1-eth2,136413.17,6244361.50,6380774.50,6256850,136686,2066.87,4128.74,6195.61,4137,2071,0.00,0.00,0,0
1422558152,s2-eth1,6245872.50,136413.17,6382285.50,136686,6258364,4129.74,2066.87,6196.61,2071,4138,0.00,0.00,0,0
1422558152,s2-eth2,136281.44,6239828.50,6376110.00,6252308,136554,2064.87,4125.75,6190.62,4134,2069,0.00,0.00,0,0
1422558152,s3-eth1,6247383.50,136347.31,6383730.50,136620,6259878,4130.74,2065.87,6196.61,2070,4139,0.00,0.00,0,0
1422558152,s3-eth2,136549.45,6252112.00,6388661.50,6258364,136686,2068.93,4133.87,6202.80,4138,2071,0.00,0.00,0,0
1422558152,eth0,0.00,0.00,0.00,0,0,0.00,0.00,0.00,0,0,0.00,0.00,0,0
1422558152,lo,515.48,515.48,1030.97,516,516,8.99,8.99,17.98,9,9,0.00,0.00,0,0
1422558152,total,19161830.00,19158740.00,38320568.00,19177898,19180992,18612.39,18609.39,37221.78,18628,18631,0.00,0.00,0,0
1422558153,s1-eth1,6255496.00,136554.00,6392050.00,136554,6255496,4132.00,2069.00,6201.00,2069,4132,0.00,0.00,0,0
1422558153,s1-eth2,136290.00,6255496.00,6391786.00,6255496,136290,2065.00,4132.00,6197.00,4132,2065,0.00,0.00,0,0
1422558153,s2-eth1,6255496.00,136356.00,6391852.00,136356,6255496,4132.00,2066.00,6198.00,2066,4132,0.00,0.00,0,0
1422558153,s2-eth2,136554.00,6255496.00,6392050.00,6255496,136554,2069.00,4132.00,6201.00,4132,2069,0.00,0.00,0,0
1422558153,s3-eth1,6255496.00,136422.00,6391918.00,136422,6255496,4132.00,2067.00,6199.00,2067,4132,0.00,0.00,0,0
1422558153,s3-eth2,136356.00,6255496.00,6391852.00,6255496,136356,2066.00,4132.00,6198.00,4132,2066,0.00,0.00,0,0
1422558153,eth0,0.00,0.00,0.00,0,0,0.00,0.00,0.00,0,0,0.00,0.00,0,0
1422558153,lo,0.00,0.00,0.00,0,0,0.00,0.00,0.00,0,0,0.00,0.00,0,0
1422558153,total,19175688.00,19175820.00,38351508.00,19175820,19175688,18596.00,18598.00,37194.00,18598,18596,0.00,0.00,0,0
1422558154,s1-eth1,6251664.00,136224.00,6387888.00,136224,6251664,4136.00,2064.00,6200.00,2064,4136,0.00,0.00,0,0
1422558154,s1-eth2,136224.00,6254692.00,6390916.00,6254692,136224,2064.00,4138.00,6202.00,4138,2064,0.00,0.00,0,0
1422558154,s2-eth1,6251664.00,136158.00,6387822.00,136158,6251664,4136.00,2063.00,6199.00,2063,4136,0.00,0.00,0,0
1422558154,s2-eth2,136224.00,6251664.00,6387888.00,6251664,136224,2064.00,4136.00,6200.00,4136,2064,0.00,0.00,0,0
1422558154,s3-eth1,6245608.00,136290.00,6381898.00,136290,6245608,4132.00,2065.00,6197.00,2065,4132,0.00,0.00,0,0
1422558154,s3-eth2,136158.00,6251664.00,6387822.00,6251664,136158,2063.00,4136.00,6199.00,4136,2063,0.00,0.00,0,0
1422558154,eth0,0.00,60.00,60.00,60,0,0.00,1.00,1.00,1,0,0.00,0.00,0,0
1422558154,lo,0.00,0.00,0.00,0,0,0.00,0.00,0.00,0,0,0.00,0.00,0,0
1422558154,total,19157542.00,19166752.00,38324296.00,19166752,19157542,18595.00,18603.00,37198.00,18603,18595,0.00,0.00,0,0
1422558155,s1-eth1,1392022.00,37582.42,1429604.38,37620,1393414,922.08,569.43,1491.51,570,923,0.00,0.00,0,0
1422558155,s1-eth2,39098.90,1322447.62,1361546.50,1323770,39138,592.41,876.12,1468.53,877,593,0.00,0.00,0,0
1422558155,s2-eth1,1455546.50,36329.67,1491876.12,36366,1457002,964.04,550.45,1514.49,551,965,0.00,0.00,0,0
1422558155,s2-eth2,37582.42,1392022.00,1429604.38,1393414,37620,569.43,922.08,1491.51,923,570,0.00,0.00,0,0
1422558155,s3-eth1,1525120.88,34747.25,1559868.12,34782,1526646,1009.99,526.47,1536.46,527,1011,0.00,0.00,0,0
1422558155,s3-eth2,36329.67,1455546.50,1491876.12,1457002,36366,550.45,964.04,1514.49,965,551,0.00,0.00,0,0
1422558155,eth0,0.00,0.00,0.00,0,0,0.00,0.00,0.00,0,0,0.00,0.00,0,0
1422558155,lo,0.00,0.00,0.00,0,0,0.00,0.00,0.00,0,0,0.00,0.00,0,0
1422558155,total,4485700.50,4278675.50,8764376.00,4282954,4490186,4608.39,4408.59,9016.98,4413,4613,0.00,0.00,0,0
1422558156,s1-eth1,0.00,0.00,0.00,0,0,0.00,0.00,0.00,0,0,0.00,0.00,0,0
1422558156,s1-eth2,0.00,0.00,0.00,0,0,0.00,0.00,0.00,0,0,0.00,0.00,0,0
1422558156,s2-eth1,0.00,0.00,0.00,0,0,0.00,0.00,0.00,0,0,0.00,0.00,0,0
1422558156,s2-eth2,0.00,0.00,0.00,0,0,0.00,0.00,0.00,0,0,0.00,0.00,0,0
1422558156,s3-eth1,0.00,0.00,0.00,0,0,0.00,0.00,0.00,0,0,0.00,0.00,0,0
1422558156,s3-eth2,0.00,0.00,0.00,0,0,0.00,0.00,0.00,0,0,0.00,0.00,0,0
1422558156,eth0,0.00,0.00,0.00,0,0,0.00,0.00,0.00,0,0,0.00,0.00,0,0
1422558156,lo,0.00,0.00,0.00,0,0,0.00,0.00,0.00,0,0,0.00,0.00,0,0
1422558156,total,0.00,0.00,0.00,0,0,0.00,0.00,0.00,0,0,0.00,0.00,0,0
1422558157,s1-eth1,0.00,0.00,0.00,0,0,0.00,0.00,0.00,0,0,0.00,0.00,0,0
1422558157,s1-eth2,0.00,0.00,0.00,0,0,0.00,0.00,0.00,0,0,0.00,0.00,0,0
1422558157,s2-eth1,0.00,0.00,0.00,0,0,0.00,0.00,0.00,0,0,0.00,0.00,0,0
1422558157,s2-eth2,0.00,0.00,0.00,0,0,0.00,0.00,0.00,0,0,0.00,0.00,0,0
1422558157,s3-eth1,0.00,0.00,0.00,0,0,0.00,0.00,0.00,0,0,0.00,0.00,0,0
1422558157,s3-eth2,0.00,0.00,0.00,0,0,0.00,0.00,0.00,0,0,0.00,0.00,0,0
1422558157,eth0,0.00,262.00,262.00,262,0,0.00,3.00,3.00,3,0,0.00,0.00,0,0
1422558157,lo,516.00,516.00,1032.00,516,516,9.00,9.00,18.00,9,9,0.00,0.00,0,0
1422558157,total,516.00,778.00,1294.00,778,516,9.00,12.00,21.00,12,9,0.00,0.00,0,0
1422558158,s1-eth1,0.00,0.00,0.00,0,0,0.00,0.00,0.00,0,0,0.00,0.00,0,0
1422558158,s1-eth2,0.00,0.00,0.00,0,0,0.00,0.00,0.00,0,0,0.00,0.00,0,0
1422558158,s2-eth1,0.00,0.00,0.00,0,0,0.00,0.00,0.00,0,0,0.00,0.00,0,0
1422558158,s2-eth2,0.00,0.00,0.00,0,0,0.00,0.00,0.00,0,0,0.00,0.00,0,0
1422558158,s3-eth1,0.00,0.00,0.00,0,0,0.00,0.00,0.00,0,0,0.00,0.00,0,0
1422558158,s3-eth2,0.00,0.00,0.00,0,0,0.00,0.00,0.00,0,0,0.00,0.00,0,0
1422558158,eth0,0.00,0.00,0.00,0,0,0.00,0.00,0.00,0,0,0.00,0.00,0,0
1422558158,lo,0.00,0.00,0.00,0,0,0.00,0.00,0.00,0,0,0.00,0.00,0,0
1422558158,total,0.00,0.00,0.00,0,0,0.00,0.00,0.00,0,0,0.00,0.00,0,0
1422558159,s1-eth1,0.00,0.00,0.00,0,0,0.00,0.00,0.00,0,0,0.00,0.00,0,0
1422558159,s1-eth2,0.00,0.00,0.00,0,0,0.00,0.00,0.00,0,0,0.00,0.00,0,0
1422558159,s2-eth1,0.00,0.00,0.00,0,0,0.00,0.00,0.00,0,0,0.00,0.00,0,0
1422558159,s2-eth2,0.00,0.00,0.00,0,0,0.00,0.00,0.00,0,0,0.00,0.00,0,0
1422558159,s3-eth1,0.00,0.00,0.00,0,0,0.00,0.00,0.00,0,0,0.00,0.00,0,0
1422558159,s3-eth2,0.00,0.00,0.00,0,0,0.00,0.00,0.00,0,0,0.00,0.00,0,0
1422558159,eth0,90.00,0.00,90.00,0,90,1.00,0.00,1.00,0,1,0.00,0.00,0,0
1422558159,lo,0.00,0.00,0.00,0,0,0.00,0.00,0.00,0,0,0.00,0.00,0,0
1422558159,total,89.91,0.00,89.91,0,90,1.00,0.00,1.00,0,1,0.00,0.00,0,0
1422558160,s1-eth1,0.00,0.00,0.00,0,0,0.00,0.00,0.00,0,0,0.00,0.00,0,0
1422558160,s1-eth2,0.00,0.00,0.00,0,0,0.00,0.00,0.00,0,0,0.00,0.00,0,0
1422558160,s2-eth1,0.00,0.00,0.00,0,0,0.00,0.00,0.00,0,0,0.00,0.00,0,0
1422558160,s2-eth2,0.00,0.00,0.00,0,0,0.00,0.00,0.00,0,0,0.00,0.00,0,0
1422558160,s3-eth1,0.00,0.00,0.00,0,0,0.00,0.00,0.00,0,0,0.00,0.00,0,0
1422558160,s3-eth2,0.00,0.00,0.00,0,0,0.00,0.00,0.00,0,0,0.00,0.00,0,0
1422558160,eth0,0.00,90.00,90.00,90,0,0.00,1.00,1.00,1,0,0.00,0.00,0,0
1422558160,lo,0.00,0.00,0.00,0,0,0.00,0.00,0.00,0,0,0.00,0.00,0,0
1422558160,total,0.00,90.00,90.00,90,0,0.00,1.00,1.00,1,0,0.00,0.00,0,0
1422558161,s1-eth1,0.00,0.00,0.00,0,0,0.00,0.00,0.00,0,0,0.00,0.00,0,0
1422558161,s1-eth2,0.00,0.00,0.00,0,0,0.00,0.00,0.00,0,0,0.00,0.00,0,0
1422558161,s2-eth1,0.00,0.00,0.00,0,0,0.00,0.00,0.00,0,0,0.00,0.00,0,0
1422558161,s2-eth2,0.00,0.00,0.00,0,0,0.00,0.00,0.00,0,0,0.00,0.00,0,0
1422558161,s3-eth1,0.00,0.00,0.00,0,0,0.00,0.00,0.00,0,0,0.00,0.00,0,0
1422558161,s3-eth2,0.00,0.00,0.00,0,0,0.00,0.00,0.00,0,0,0.00,0.00,0,0
1422558161,eth0,0.00,0.00,0.00,0,0,0.00,0.00,0.00,0,0,0.00,0.00,0,0
1422558161,lo,0.00,0.00,0.00,0,0,0.00,0.00,0.00,0,0,0.00,0.00,0,0
1422558161,total,0.00,0.00,0.00,0,0,0.00,0.00,0.00,0,0,0.00,0.00,0,0
1422558162,s1-eth1,0.00,0.00,0.00,0,0,0.00,0.00,0.00,0,0,0.00,0.00,0,0
1422558162,s1-eth2,0.00,0.00,0.00,0,0,0.00,0.00,0.00,0,0,0.00,0.00,0,0
1422558162,s2-eth1,0.00,0.00,0.00,0,0,0.00,0.00,0.00,0,0,0.00,0.00,0,0
1422558162,s2-eth2,0.00,0.00,0.00,0,0,0.00,0.00,0.00,0,0,0.00,0.00,0,0
