1423516102,s1-eth1,0.00,0.00,0.00,0,0,0.00,0.00,0.00,0,0,0.00,0.00,0,0
1423516102,s1-eth3,0.00,0.00,0.00,0,0,0.00,0.00,0.00,0,0,0.00,0.00,0,0
1423516102,s1-eth2,0.00,0.00,0.00,0,0,0.00,0.00,0.00,0,0,0.00,0.00,0,0
1423516102,s2-eth1,0.00,0.00,0.00,0,0,0.00,0.00,0.00,0,0,0.00,0.00,0,0
1423516102,s2-eth2,0.00,0.00,0.00,0,0,0.00,0.00,0.00,0,0,0.00,0.00,0,0
1423516102,eth0,0.00,0.00,0.00,0,0,0.00,0.00,0.00,0,0,0.00,0.00,0,0
1423516102,lo,0.00,0.00,0.00,0,0,0.00,0.00,0.00,0,0,0.00,0.00,0,0
1423516102,total,0.00,0.00,0.00,0,0,0.00,0.00,0.00,0,0,0.00,0.00,0,0
1423516103,s1-eth1,1250346.00,28318.00,1278664.00,28318,1250346,829.00,429.00,1258.00,429,829,0.00,0.00,0,0
1423516103,s1-eth3,12544.00,563508.00,576052.00,563508,12544,190.00,374.00,564.00,374,190,0.00,0.00,0,0
1423516103,s1-eth2,15844.00,698950.00,714794.00,698950,15844,240.00,463.00,703.00,463,240,0.00,0.00,0,0
1423516103,s2-eth1,563508.00,12544.00,576052.00,12544,563508,374.00,190.00,564.00,190,374,0.00,0.00,0,0
1423516103,s2-eth2,12478.00,565022.00,577500.00,565022,12478,189.00,375.00,564.00,375,189,0.00,0.00,0,0
1423516103,eth0,206.00,126.00,332.00,126,206,2.00,2.00,4.00,2,2,0.00,0.00,0,0
1423516103,lo,536.00,536.00,1072.00,536,536,6.00,6.00,12.00,6,6,0.00,0.00,0,0
1423516103,total,1855462.00,1869004.00,3724466.00,1869004,1855462,1830.00,1839.00,3669.00,1839,1830,0.00,0.00,0,0
1423516104,s1-eth1,1251052.00,28446.00,1279498.00,28446,1251052,830.00,431.00,1261.00,431,830,0.00,0.00,0,0
1423516104,s1-eth3,12276.00,536774.00,549050.00,536774,12276,186.00,355.00,541.00,355,186,0.00,0.00,0,0
1423516104,s1-eth2,16104.00,724754.00,740858.00,724754,16104,244.00,481.00,725.00,481,244,0.00,0.00,0,0
1423516104,s2-eth1,536774.00,12276.00,549050.00,12276,536774,355.00,186.00,541.00,186,355,0.00,0.00,0,0
1423516104,s2-eth2,12342.00,535260.00,547602.00,535260,12342,187.00,354.00,541.00,354,187,0.00,0.00,0,0
1423516104,eth0,146.00,66.00,212.00,66,146,1.00,1.00,2.00,1,1,0.00,0.00,0,0
1423516104,lo,0.00,0.00,0.00,0,0,0.00,0.00,0.00,0,0,0.00,0.00,0,0
1423516104,total,1828694.00,1837576.00,3666270.00,1837576,1828694,1803.00,1808.00,3611.00,1808,1803,0.00,0.00,0,0
1423516105,s1-eth1,1249594.00,28116.00,1277710.00,28116,1249594,829.00,426.00,1255.00,426,829,0.00,0.00,0,0
1423516105,s1-eth3,13068.00,602872.00,615940.00,602872,13068,198.00,400.00,598.00,400,198,0.00,0.00,0,0
1423516105,s1-eth2,15048.00,676306.00,691354.00,676306,15048,228.00,449.00,677.00,449,228,0.00,0.00,0,0
1423516105,s2-eth1,602872.00,13068.00,615940.00,13068,602872,400.00,198.00,598.00,198,400,0.00,0.00,0,0
1423516105,s2-eth2,13068.00,604386.00,617454.00,604386,13068,198.00,401.00,599.00,401,198,0.00,0.00,0,0
1423516105,eth0,206.00,126.00,332.00,126,206,2.00,2.00,4.00,2,2,0.00,0.00,0,0
1423516105,lo,0.00,0.00,0.00,0,0,0.00,0.00,0.00,0,0,0.00,0.00,0,0
1423516105,total,1893856.00,1924874.00,3818730.00,1924874,1893856,1855.00,1876.00,3731.00,1876,1855,0.00,0.00,0,0
1423516106,s1-eth1,1251404.00,28578.00,1279982.00,28578,1251404,834.00,433.00,1267.00,433,834,0.00,0.00,0,0
1423516106,s1-eth3,12916.00,560626.00,573542.00,560626,12916,196.00,375.00,571.00,375,196,0.00,0.00,0,0
1423516106,s1-eth2,16042.00,705184.00,721226.00,705184,16042,243.00,470.00,713.00,470,243,0.00,0.00,0,0
1423516106,s2-eth1,560626.00,12916.00,573542.00,12916,560626,375.00,196.00,571.00,196,375,0.00,0.00,0,0
1423516106,s2-eth2,12916.00,559112.00,572028.00,559112,12916,196.00,374.00,570.00,374,196,0.00,0.00,0,0
1423516106,eth0,206.00,126.00,332.00,126,206,2.00,2.00,4.00,2,2,0.00,0.00,0,0
1423516106,lo,2832.00,2832.00,5664.00,2832,2832,30.00,30.00,60.00,30,30,0.00,0.00,0,0
1423516106,total,1856942.00,1869374.00,3726316.00,1869374,1856942,1876.00,1880.00,3756.00,1880,1876,0.00,0.00,0,0
1423516107,s1-eth1,1250986.00,28384.00,1279370.00,28384,1250986,829.00,430.00,1259.00,430,829,0.00,0.00,0,0
1423516107,s1-eth3,13468.00,622498.00,635966.00,622498,13468,204.00,413.00,617.00,413,204,0.00,0.00,0,0
1423516107,s1-eth2,14854.00,682296.00,697150.00,682296,14854,225.00,452.00,677.00,452,225,0.00,0.00,0,0
1423516107,s2-eth1,622498.00,13468.00,635966.00,13468,622498,413.00,204.00,617.00,204,413,0.00,0.00,0,0
1423516107,s2-eth2,13468.00,622498.00,635966.00,622498,13468,204.00,413.00,617.00,413,204,0.00,0.00,0,0
1423516107,eth0,146.00,208.00,354.00,208,146,1.00,2.00,3.00,2,1,0.00,0.00,0,0
1423516107,lo,536.00,536.00,1072.00,536,536,6.00,6.00,12.00,6,6,0.00,0.00,0,0
1423516107,total,1915956.00,1969888.00,3885844.00,1969888,1915956,1882.00,1920.00,3802.00,1920,1882,0.00,0.00,0,0
1423516108,s1-eth1,1250314.00,29304.00,1279618.00,29304,1250314,829.00,444.00,1273.00,444,829,0.00,0.00,0,0
1423516108,s1-eth3,13620.00,648292.00,661912.00,648292,13620,206.00,430.00,636.00,430,206,0.00,0.00,0,0
1423516108,s1-eth2,15906.00,693680.00,709586.00,693680,15906,241.00,460.00,701.00,460,241,0.00,0.00,0,0
1423516108,s2-eth1,648292.00,13620.00,661912.00,13620,648292,430.00,206.00,636.00,206,430,0.00,0.00,0,0
1423516108,s2-eth2,13620.00,648292.00,661912.00,648292,13620,206.00,430.00,636.00,430,206,0.00,0.00,0,0
1423516108,eth0,206.00,126.00,332.00,126,206,2.00,2.00,4.00,2,2,0.00,0.00,0,0
1423516108,lo,576.00,576.00,1152.00,576,576,6.00,6.00,12.00,6,6,0.00,0.00,0,0
1423516108,total,1942534.00,2033890.00,3976424.00,2033890,1942534,1920.00,1978.00,3898.00,1978,1920,0.00,0.00,0,0
1423516109,s1-eth1,1250478.00,44086.00,1294564.00,44086,1250478,831.00,589.00,1420.00,589,831,0.00,0.00,0,0
1423516109,s1-eth3,20544.00,485420.00,505964.00,485420,20544,280.00,322.00,602.00,322,280,0.00,0.00,0,0
1423516109,s1-eth2,23476.00,605966.00,629442.00,605966,23476,308.00,403.00,711.00,403,308,0.00,0.00,0,0
1423516109,s2-eth1,485420.00,20544.00,505964.00,20544,485420,322.00,280.00,602.00,280,322,0.00,0.00,0,0
1423516109,s2-eth2,20544.00,485420.00,505964.00,485420,20544,280.00,322.00,602.00,322,280,0.00,0.00,0,0
1423516109,eth0,146.00,66.00,212.00,66,146,1.00,1.00,2.00,1,1,0.00,0.00,0,0
1423516109,lo,0.00,0.00,0.00,0,0,0.00,0.00,0.00,0,0,0.00,0.00,0,0
1423516109,total,1800608.00,1641502.00,3442110.00,1641502,1800608,2022.00,1917.00,3939.00,1917,2022,0.00,0.00,0,0
1423516110,s1-eth1,1251452.00,27546.00,1278998.00,27546,1251452,828.00,417.00,1245.00,417,828,0.00,0.00,0,0
1423516110,s1-eth3,15802.00,720968.00,736770.00,720968,15802,239.00,478.00,717.00,478,239,0.00,0.00,0,0
1423516110,s1-eth2,12040.00,676132.00,688172.00,676132,12040,182.00,448.00,630.00,448,182,0.00,0.00,0,0
1423516110,s2-eth1,720968.00,15802.00,736770.00,15802,720968,478.00,239.00,717.00,239,478,0.00,0.00,0,0
1423516110,s2-eth2,15802.00,720968.00,736770.00,720968,15802,239.00,478.00,717.00,478,239,0.00,0.00,0,0
1423516110,eth0,206.00,126.00,332.00,126,206,2.00,2.00,4.00,2,2,0.00,0.00,0,0
1423516110,lo,1648.00,1648.00,3296.00,1648,1648,18.00,18.00,36.00,18,18,0.00,0.00,0,0
1423516110,total,2017918.00,2163190.00,4181108.00,2163190,2017918,1986.00,2080.00,4066.00,2080,1986,0.00,0.00,0,0
1423516111,s1-eth1,1250294.00,27592.00,1277886.00,27592,1250294,829.00,418.00,1247.00,418,829,0.00,0.00,0,0
1423516111,s1-eth3,13204.00,597456.00,610660.00,597456,13204,200.00,396.00,596.00,396,200,0.00,0.00,0,0
1423516111,s1-eth2,14458.00,678272.00,692730.00,678272,14458,219.00,448.00,667.00,448,219,0.00,0.00,0,0
1423516111,s2-eth1,597456.00,13204.00,610660.00,13204,597456,396.00,200.00,596.00,200,396,0.00,0.00,0,0
1423516111,s2-eth2,13138.00,597456.00,610594.00,597456,13138,199.00,396.00,595.00,396,199,0.00,0.00,0,0
1423516111,eth0,206.00,440.00,646.00,440,206,2.00,4.00,6.00,4,2,0.00,0.00,0,0
1423516111,lo,536.00,536.00,1072.00,536,536,6.00,6.00,12.00,6,6,0.00,0.00,0,0
1423516111,total,1889292.00,1914956.00,3804248.00,1914956,1889292,1851.00,1868.00,3719.00,1868,1851,0.00,0.00,0,0
1423516112,s1-eth1,1251210.00,34558.00,1285768.00,34558,1251210,829.00,485.00,1314.00,485,829,0.00,0.00,0,0
1423516112,s1-eth3,17530.00,465042.00,482572.00,465042,17530,227.00,309.00,536.00,309,227,0.00,0.00,0,0
1423516112,s1-eth2,16962.00,784654.00,801616.00,784654,16962,257.00,519.00,776.00,519,257,0.00,0.00,0,0
1423516112,s2-eth1,465042.00,17530.00,482572.00,17530,465042,309.00,227.00,536.00,227,309,0.00,0.00,0,0
1423516112,s2-eth2,17596.00,465042.00,482638.00,465042,17596,228.00,309.00,537.00,309,228,0.00,0.00,0,0
1423516112,eth0,146.00,66.00,212.00,66,146,1.00,1.00,2.00,1,1,0.00,0.00,0,0
1423516112,lo,0.00,0.00,0.00,0,0,0.00,0.00,0.00,0,0,0.00,0.00,0,0
1423516112,total,1768486.00,1766892.00,3535378.00,1766892,1768486,1851.00,1850.00,3701.00,1850,1851,0.00,0.00,0,0
1423516113,s1-eth1,1249980.00,34142.00,1284122.00,34142,1249980,826.00,477.00,1303.00,477,826,0.00,0.00,0,0
1423516113,s1-eth3,13266.00,622254.00,635520.00,622254,13266,201.00,411.00,612.00,411,201,0.00,0.00,0,0
1423516113,s1-eth2,20876.00,597446.00,618322.00,597446,20876,276.00,395.00,671.00,395,276,0.00,0.00,0,0
1423516113,s2-eth1,622254.00,13266.00,635520.00,13266,622254,411.00,201.00,612.00,201,411,0.00,0.00,0,0
1423516113,s2-eth2,13266.00,625282.00,638548.00,625282,13266,201.00,413.00,614.00,413,201,0.00,0.00,0,0
1423516113,eth0,206.00,268.00,474.00,268,206,2.00,3.00,5.00,3,2,0.00,0.00,0,0
1423516113,lo,0.00,0.00,0.00,0,0,0.00,0.00,0.00,0,0,0.00,0.00,0,0
1423516113,total,1919848.00,1892658.00,3812506.00,1892658,1919848,1917.00,1900.00,3817.00,1900,1917,0.00,0.00,0,0
1423516114,s1-eth1,1250564.00,28314.00,1278878.00,28314,1250564,826.00,429.00,1255.00,429,826,0.00,0.00,0,0
1423516114,s1-eth3,13728.00,639254.00,652982.00,639254,13728,208.00,423.00,631.00,423,208,0.00,0.00,0,0
1423516114,s1-eth2,14586.00,643450.00,658036.00,643450,14586,221.00,425.00,646.00,425,221,0.00,0.00,0,0
1423516114,s2-eth1,639254.00,13728.00,652982.00,13728,639254,423.00,208.00,631.00,208,423,0.00,0.00,0,0
1423516114,s2-eth2,13728.00,636226.00,649954.00,636226,13728,208.00,421.00,629.00,421,208,0.00,0.00,0,0
1423516114,eth0,206.00,126.00,332.00,126,206,2.00,2.00,4.00,2,2,0.00,0.00,0,0
1423516114,lo,0.00,0.00,0.00,0,0,0.00,0.00,0.00,0,0,0.00,0.00,0,0
1423516114,total,1932066.00,1961098.00,3893164.00,1961098,1932066,1888.00,1908.00,3796.00,1908,1888,0.00,0.00,0,0
1423516115,s1-eth1,1251728.00,27588.00,1279316.00,27588,1251728,828.00,418.00,1246.00,418,828,0.00,0.00,0,0
1423516115,s1-eth3,12804.00,573110.00,585914.00,573110,12804,194.00,379.00,573.00,379,194,0.00,0.00,0,0
1423516115,s1-eth2,14850.00,696440.00,711290.00,696440,14850,225.00,460.00,685.00,460,225,0.00,0.00,0,0
1423516115,s2-eth1,573110.00,12804.00,585914.00,12804,573110,379.00,194.00,573.00,194,379,0.00,0.00,0,0
1423516115,s2-eth2,12738.00,574624.00,587362.00,574624,12738,193.00,380.00,573.00,380,193,0.00,0.00,0,0
1423516115,eth0,146.00,66.00,212.00,66,146,1.00,1.00,2.00,1,1,0.00,0.00,0,0
1423516115,lo,344.00,344.00,688.00,344,344,6.00,6.00,12.00,6,6,0.00,0.00,0,0
1423516115,total,1865720.00,1884976.00,3750696.00,1884976,1865720,1826.00,1838.00,3664.00,1838,1826,0.00,0.00,0,0
1423516116,s1-eth1,1249011.00,33586.41,1282597.38,33620,1250260,825.17,479.52,1304.70,480,826,0.00,0.00,0,0
1423516116,s1-eth3,15982.02,420471.53,436453.56,420892,15998,212.79,277.72,490.51,278,213,0.00,0.00,0,0
1423516116,s1-eth2,17604.40,810389.62,827994.00,811200,17622,266.73,535.46,802.20,536,267,0.00,0.00,0,0
1423516116,s2-eth1,420471.53,15982.02,436453.56,15998,420892,277.72,212.79,490.51,213,278,0.00,0.00,0,0
1423516116,s2-eth2,16047.95,418959.06,435007.00,419378,16064,213.79,276.72,490.51,277,214,0.00,0.00,0,0
1423516116,eth0,205.79,125.87,331.67,126,206,2.00,2.00,4.00,2,2,0.00,0.00,0,0
1423516116,lo,0.00,0.00,0.00,0,0,0.00,0.00,0.00,0,0,0.00,0.00,0,0
1423516116,total,1719322.75,1699514.50,3418837.25,1701214,1721042,1798.20,1784.22,3582.42,1786,1800,0.00,0.00,0,0
1423516117,s1-eth1,1251494.00,27456.00,1278950.00,27456,1251494,827.00,416.00,1243.00,416,827,0.00,0.00,0,0
1423516117,s1-eth3,11352.00,535956.00,547308.00,535956,11352,172.00,354.00,526.00,354,172,0.00,0.00,0,0
1423516117,s1-eth2,16104.00,737608.00,753712.00,737608,16104,244.00,488.00,732.00,488,244,0.00,0.00,0,0
1423516117,s2-eth1,535956.00,11352.00,547308.00,11352,535956,354.00,172.00,526.00,172,354,0.00,0.00,0,0
1423516117,s2-eth2,11352.00,535956.00,547308.00,535956,11352,172.00,354.00,526.00,354,172,0.00,0.00,0,0
1423516117,eth0,146.00,66.00,212.00,66,146,1.00,1.00,2.00,1,1,0.00,0.00,0,0
1423516117,lo,0.00,0.00,0.00,0,0,0.00,0.00,0.00,0,0,0.00,0.00,0,0
1423516117,total,1826404.00,1848394.00,3674798.00,1848394,1826404,1770.00,1785.00,3555.00,1785,1770,0.00,0.00,0,0
1423516118,s1-eth1,1251144.00,37390.00,1288534.00,37390,1251144,828.00,513.00,1341.00,513,828,0.00,0.00,0,0
1423516118,s1-eth3,14190.00,655146.00,669336.00,655146,14190,215.00,433.00,648.00,433,215,0.00,0.00,0,0
1423516118,s1-eth2,23134.00,567872.00,591006.00,567872,23134,297.00,376.00,673.00,376,297,0.00,0.00,0,0
1423516118,s2-eth1,655146.00,14190.00,669336.00,14190,655146,433.00,215.00,648.00,215,433,0.00,0.00,0,0
1423516118,s2-eth2,14190.00,655146.00,669336.00,655146,14190,215.00,433.00,648.00,433,215,0.00,0.00,0,0
1423516118,eth0,206.00,126.00,332.00,126,206,2.00,2.00,4.00,2,2,0.00,0.00,0,0
1423516118,lo,0.00,0.00,0.00,0,0,0.00,0.00,0.00,0,0,0.00,0.00,0,0
1423516118,total,1958010.00,1929870.00,3887880.00,1929870,1958010,1990.00,1972.00,3962.00,1972,1990,0.00,0.00,0,0
1423516119,s1-eth1,1250564.00,27390.00,1277954.00,27390,1250564,826.00,415.00,1241.00,415,826,0.00,0.00,0,0
1423516119,s1-eth3,13266.00,599544.00,612810.00,599544,13266,201.00,396.00,597.00,396,201,0.00,0.00,0,0
1423516119,s1-eth2,14190.00,666160.00,680350.00,666160,14190,215.00,440.00,655.00,440,215,0.00,0.00,0,0
1423516119,s2-eth1,599544.00,13266.00,612810.00,13266,599544,396.00,201.00,597.00,201,396,0.00,0.00,0,0
1423516119,s2-eth2,13266.00,599544.00,612810.00,599544,13266,201.00,396.00,597.00,396,201,0.00,0.00,0,0
1423516119,eth0,146.00,66.00,212.00,66,146,1.00,1.00,2.00,1,1,0.00,0.00,0,0
1423516119,lo,0.00,0.00,0.00,0,0,0.00,0.00,0.00,0,0,0.00,0.00,0,0
1423516119,total,1890976.00,1905970.00,3796946.00,1905970,1890976,1840.00,1849.00,3689.00,1849,1840,0.00,0.00,0,0
1423516120,s1-eth1,1250564.00,31194.00,1281758.00,31194,1250564,826.00,457.00,1283.00,457,826,0.00,0.00,0,0
1423516120,s1-eth3,15606.00,469340.00,484946.00,469340,15606,221.00,310.00,531.00,310,221,0.00,0.00,0,0
1423516120,s1-eth2,15510.00,723692.00,739202.00,723692,15510,235.00,478.00,713.00,478,235,0.00,0.00,0,0
1423516120,s2-eth1,469340.00,15606.00,484946.00,15606,469340,310.00,221.00,531.00,221,310,0.00,0.00,0,0
1423516120,s2-eth2,15528.00,469340.00,484868.00,469340,15528,220.00,310.00,530.00,310,220,0.00,0.00,0,0
1423516120,eth0,206.00,126.00,332.00,126,206,2.00,2.00,4.00,2,2,0.00,0.00,0,0
1423516120,lo,344.00,344.00,688.00,344,344,6.00,6.00,12.00,6,6,0.00,0.00,0,0
1423516120,total,1767098.00,1709642.00,3476740.00,1709642,1767098,1820.00,1784.00,3604.00,1784,1820,0.00,0.00,0,0
1423516121,s1-eth1,1250564.00,29536.00,1280100.00,29536,1250564,826.00,440.00,1266.00,440,826,0.00,0.00,0,0
1423516121,s1-eth3,12718.00,538984.00,551702.00,538984,12718,185.00,356.00,541.00,356,185,0.00,0.00,0,0
1423516121,s1-eth2,16896.00,776434.00,793330.00,776434,16896,256.00,513.00,769.00,513,256,0.00,0.00,0,0
1423516121,s2-eth1,538984.00,12718.00,551702.00,12718,538984,356.00,185.00,541.00,185,356,0.00,0.00,0,0
1423516121,s2-eth2,12796.00,542012.00,554808.00,542012,12796,186.00,358.00,544.00,358,186,0.00,0.00,0,0
1423516121,eth0,206.00,126.00,332.00,126,206,2.00,2.00,4.00,2,2,0.00,0.00,0,0
1423516121,lo,0.00,0.00,0.00,0,0,0.00,0.00,0.00,0,0,0.00,0.00,0,0
1423516121,total,1832164.00,1899810.00,3731974.00,1899810,1832164,1811.00,1854.00,3665.00,1854,1811,0.00,0.00,0,0
1423516122,s1-eth1,1251246.00,30930.00,1282176.00,30930,1251246,827.00,451.00,1278.00,451,827,0.00,0.00,0,0
1423516122,s1-eth3,11286.00,526872.00,538158.00,526872,11286,171.00,348.00,519.00,348,171,0.00,0.00,0,0
1423516122,s1-eth2,19558.00,704940.00,724498.00,704940,19558,279.00,466.00,745.00,466,279,0.00,0.00,0,0
1423516122,s2-eth1,526872.00,11286.00,538158.00,11286,526872,348.00,171.00,519.00,171,348,0.00,0.00,0,0
1423516122,s2-eth2,11286.00,523844.00,535130.00,523844,11286,171.00,346.00,517.00,346,171,0.00,0.00,0,0
1423516122,eth0,146.00,208.00,354.00,208,146,1.00,2.00,3.00,2,1,0.00,0.00,0,0
1423516122,lo,0.00,0.00,0.00,0,0,0.00,0.00,0.00,0,0,0.00,0.00,0,0
1423516122,total,1820394.00,1798080.00,3618474.00,1798080,1820394,1797.00,1784.00,3581.00,1784,1797,0.00,0.00,0,0
1423516123,s1-eth1,1250564.00,32470.00,1283034.00,32470,1250564,826.00,467.00,1293.00,467,826,0.00,0.00,0,0
1423516123,s1-eth3,14586.00,664646.00,679232.00,664646,14586,221.00,439.00,660.00,439,221,0.00,0.00,0,0
1423516123,s1-eth2,17970.00,590460.00,608430.00,590460,17970,247.00,390.00,637.00,390,247,0.00,0.00,0,0
1423516123,s2-eth1,664646.00,14586.00,679232.00,14586,664646,439.00,221.00,660.00,221,439,0.00,0.00,0,0
1423516123,s2-eth2,14586.00,664646.00,679232.00,664646,14586,221.00,439.00,660.00,439,221,0.00,0.00,0,0
1423516123,eth0,206.00,10026.00,10232.00,10026,206,2.00,167.00,169.00,167,2,0.00,0.00,0,0
1423516123,lo,0.00,0.00,0.00,0,0,0.00,0.00,0.00,0,0,0.00,0.00,0,0
1423516123,total,1962558.00,1976834.00,3939392.00,1976834,1962558,1956.00,2123.00,4079.00,2123,1956,0.00,0.00,0,0
1423516124,s1-eth1,1250564.00,27324.00,1277888.00,27324,1250564,826.00,414.00,1240.00,414,826,0.00,0.00,0,0
1423516124,s1-eth3,13068.00,599544.00,612612.00,599544,13068,198.00,396.00,594.00,396,198,0.00,0.00,0,0
1423516124,s1-eth2,14256.00,672216.00,686472.00,672216,14256,216.00,444.00,660.00,444,216,0.00,0.00,0,0
1423516124,s2-eth1,599544.00,13068.00,612612.00,13068,599544,396.00,198.00,594.00,198,396,0.00,0.00,0,0
1423516124,s2-eth2,13068.00,599544.00,612612.00,599544,13068,198.00,396.00,594.00,396,198,0.00,0.00,0,0
1423516124,eth0,206.00,5166.00,5372.00,5166,206,2.00,86.00,88.00,86,2,0.00,0.00,0,0
1423516124,lo,0.00,0.00,0.00,0,0,0.00,0.00,0.00,0,0,0.00,0.00,0,0
1423516124,total,1890706.00,1916862.00,3807568.00,1916862,1890706,1836.00,1934.00,3770.00,1934,1836,0.00,0.00,0,0
1423516125,s1-eth1,1250564.00,39714.00,1290278.00,39714,1250564,826.00,551.00,1377.00,551,826,0.00,0.00,0,0
1423516125,s1-eth3,16506.00,514760.00,531266.00,514760,16506,233.00,340.00,573.00,340,233,0.00,0.00,0,0
1423516125,s1-eth2,23142.00,675244.00,698386.00,675244,23142,317.00,446.00,763.00,446,317,0.00,0.00,0,0
1423516125,s2-eth1,514760.00,16506.00,531266.00,16506,514760,340.00,233.00,573.00,233,340,0.00,0.00,0,0
1423516125,s2-eth2,16506.00,514760.00,531266.00,514760,16506,233.00,340.00,573.00,340,233,0.00,0.00,0,0
1423516125,eth0,206.00,126.00,332.00,126,206,2.00,2.00,4.00,2,2,0.00,0.00,0,0
1423516125,lo,344.00,344.00,688.00,344,344,6.00,6.00,12.00,6,6,0.00,0.00,0,0
1423516125,total,1822028.00,1761454.00,3583482.00,1761454,1822028,1957.00,1918.00,3875.00,1918,1957,0.00,0.00,0,0
1423516126,s1-eth1,1250648.00,27474.00,1278122.00,27474,1250648,828.00,417.00,1245.00,417,828,0.00,0.00,0,0
1423516126,s1-eth3,13572.00,634408.00,647980.00,634408,13572,206.00,420.00,626.00,420,206,0.00,0.00,0,0
1423516126,s1-eth2,13902.00,649548.00,663450.00,649548,13902,211.00,430.00,641.00,430,211,0.00,0.00,0,0
1423516126,s2-eth1,634408.00,13572.00,647980.00,13572,634408,420.00,206.00,626.00,206,420,0.00,0.00,0,0
1423516126,s2-eth2,13572.00,634408.00,647980.00,634408,13572,206.00,420.00,626.00,420,206,0.00,0.00,0,0
1423516126,eth0,206.00,126.00,332.00,126,206,2.00,2.00,4.00,2,2,0.00,0.00,0,0
1423516126,lo,1672.00,1672.00,3344.00,1672,1672,16.00,16.00,32.00,16,16,0.00,0.00,0,0
1423516126,total,1927980.00,1961208.00,3889188.00,1961208,1927980,1889.00,1911.00,3800.00,1911,1889,0.00,0.00,0,0
1423516127,s1-eth1,1250564.00,27390.00,1277954.00,27390,1250564,826.00,415.00,1241.00,415,826,0.00,0.00,0,0
1423516127,s1-eth3,12936.00,605600.00,618536.00,605600,12936,196.00,400.00,596.00,400,196,0.00,0.00,0,0
1423516127,s1-eth2,14454.00,667674.00,682128.00,667674,14454,219.00,441.00,660.00,441,219,0.00,0.00,0,0
1423516127,s2-eth1,605600.00,12936.00,618536.00,12936,605600,400.00,196.00,596.00,196,400,0.00,0.00,0,0
1423516127,s2-eth2,12936.00,605600.00,618536.00,605600,12936,196.00,400.00,596.00,400,196,0.00,0.00,0,0
1423516127,eth0,146.00,66.00,212.00,66,146,1.00,1.00,2.00,1,1,0.00,0.00,0,0
1423516127,lo,0.00,0.00,0.00,0,0,0.00,0.00,0.00,0,0,0.00,0.00,0,0
1423516127,total,1896636.00,1919266.00,3815902.00,1919266,1896636,1838.00,1853.00,3691.00,1853,1838,0.00,0.00,0,0
1423516128,s1-eth1,1251166.00,27324.00,1278490.00,27324,1251166,827.00,414.00,1241.00,414,827,0.00,0.00,0,0
1423516128,s1-eth3,13860.00,625188.00,639048.00,625188,13860,210.00,414.00,624.00,414,210,0.00,0.00,0,0
1423516128,s1-e