1422555522,s1-eth1,0.00,0.00,0.00,0,0,0.00,0.00,0.00,0,0,0.00,0.00,0,0
1422555522,s1-eth2,0.00,0.00,0.00,0,0,0.00,0.00,0.00,0,0,0.00,0.00,0,0
1422555522,eth0,0.00,0.00,0.00,0,0,0.00,0.00,0.00,0,0,0.00,0.00,0,0
1422555522,lo,0.00,0.00,0.00,0,0,0.00,0.00,0.00,0,0,0.00,0.00,0,0
1422555522,total,0.00,0.00,0.00,0,0,0.00,0.00,0.00,0,0,0.00,0.00,0,0
1422555523,s1-eth1,1251122.00,28186.00,1279308.00,28186,1251122,831.00,427.00,1258.00,427,831,0.00,0.00,0,0
1422555523,s1-eth2,28186.00,1251122.00,1279308.00,1251122,28186,427.00,831.00,1258.00,831,427,0.00,0.00,0,0
1422555523,eth0,0.00,0.00,0.00,0,0,0.00,0.00,0.00,0,0,0.00,0.00,0,0
1422555523,lo,536.00,536.00,1072.00,536,536,6.00,6.00,12.00,6,6,0.00,0.00,0,0
1422555523,total,1279844.00,1279844.00,2559688.00,1279844,1279844,1264.00,1264.00,2528.00,1264,1264,0.00,0.00,0,0
1422555524,s1-eth1,1251198.00,27918.00,1279116.00,27918,1251198,831.00,423.00,1254.00,423,831,0.00,0.00,0,0
1422555524,s1-eth2,27918.00,1251198.00,1279116.00,1251198,27918,423.00,831.00,1254.00,831,423,0.00,0.00,0,0
1422555524,eth0,0.00,60.00,60.00,60,0,0.00,1.00,1.00,1,0,0.00,0.00,0,0
1422555524,lo,288.00,288.00,576.00,288,288,3.00,3.00,6.00,3,3,0.00,0.00,0,0
1422555524,total,1279404.00,1279464.00,2558868.00,1279464,1279404,1257.00,1258.00,2515.00,1258,1257,0.00,0.00,0,0
1422555525,s1-eth1,1249538.00,27918.00,1277456.00,27918,1249538,829.00,423.00,1252.00,423,829,0.00,0.00,0,0
1422555525,s1-eth2,27852.00,1249538.00,1277390.00,1249538,27852,422.00,829.00,1251.00,829,422,0.00,0.00,0,0
1422555525,eth0,0.00,0.00,0.00,0,0,0.00,0.00,0.00,0,0,0.00,0.00,0,0
1422555525,lo,0.00,0.00,0.00,0,0,0.00,0.00,0.00,0,0,0.00,0.00,0,0
1422555525,total,1277390.00,1277456.00,2554846.00,1277456,1277390,1251.00,1252.00,2503.00,1252,1251,0.00,0.00,0,0
1422555526,s1-eth1,1232122.00,27588.00,1259710.00,27588,1232122,817.00,418.00,1235.00,418,817,0.00,0.00,0,0
1422555526,s1-eth2,27588.00,1233636.00,1261224.00,1233636,27588,418.00,818.00,1236.00,818,418,0.00,0.00,0,0
1422555526,eth0,0.00,0.00,0.00,0,0,0.00,0.00,0.00,0,0,0.00,0.00,0,0
1422555526,lo,0.00,0.00,0.00,0,0,0.00,0.00,0.00,0,0,0.00,0.00,0,0
1422555526,total,1259710.00,1261224.00,2520934.00,1261224,1259710,1235.00,1236.00,2471.00,1236,1235,0.00,0.00,0,0
1422555527,s1-eth1,1250360.00,27658.00,1278018.00,27658,1250360,830.00,419.00,1249.00,419,830,0.00,0.00,0,0
1422555527,s1-eth2,27658.00,1250360.00,1278018.00,1250360,27658,419.00,830.00,1249.00,830,419,0.00,0.00,0,0
1422555527,eth0,0.00,142.00,142.00,142,0,0.00,1.00,1.00,1,0,0.00,0.00,0,0
1422555527,lo,536.00,536.00,1072.00,536,536,6.00,6.00,12.00,6,6,0.00,0.00,0,0
1422555527,total,1278554.00,1278696.00,2557250.00,1278696,1278554,1255.00,1256.00,2511.00,1256,1255,0.00,0.00,0,0
1422555528,s1-eth1,1251108.00,28008.00,1279116.00,28008,1251108,830.00,424.00,1254.00,424,830,0.00,0.00,0,0
1422555528,s1-eth2,28008.00,1251108.00,1279116.00,1251108,28008,424.00,830.00,1254.00,830,424,0.00,0.00,0,0
1422555528,eth0,0.00,434.00,434.00,434,0,0.00,4.00,4.00,4,0,0.00,0.00,0,0
1422555528,lo,288.00,288.00,576.00,288,288,3.00,3.00,6.00,3,3,0.00,0.00,0,0
1422555528,total,1279404.00,1279838.00,2559242.00,1279838,1279404,1257.00,1261.00,2518.00,1261,1257,0.00,0.00,0,0
1422555529,s1-eth1,1251174.00,28512.00,1279686.00,28512,1251174,831.00,432.00,1263.00,432,831,0.00,0.00,0,0
1422555529,s1-eth2,28512.00,1251174.00,1279686.00,1251174,28512,432.00,831.00,1263.00,831,432,0.00,0.00,0,0
1422555529,eth0,0.00,0.00,0.00,0,0,0.00,0.00,0.00,0,0,0.00,0.00,0,0
1422555529,lo,0.00,0.00,0.00,0,0,0.00,0.00,0.00,0,0,0.00,0.00,0,0
1422555529,total,1279686.00,1279686.00,2559372.00,1279686,1279686,1263.00,1263.00,2526.00,1263,1263,0.00,0.00,0,0
1422555530,s1-eth1,1250986.00,28908.00,1279894.00,28908,1250986,829.00,438.00,1267.00,438,829,0.00,0.00,0,0
1422555530,s1-eth2,28908.00,1250986.00,1279894.00,1250986,28908,438.00,829.00,1267.00,829,438,0.00,0.00,0,0
1422555530,eth0,0.00,114.00,114.00,114,0,0.00,1.00,1.00,1,0,0.00,0.00,0,0
1422555530,lo,0.00,0.00,0.00,0,0,0.00,0.00,0.00,0,0,0.00,0.00,0,0
1422555530,total,1279894.00,1280008.00,2559902.00,1280008,1279894,1267.00,1268.00,2535.00,1268,1267,0.00,0.00,0,0
1422555531,s1-eth1,1250980.00,27328.00,1278308.00,27328,1250980,828.00,414.00,1242.00,414,828,0.00,0.00,0,0
1422555531,s1-eth2,27394.00,1250980.00,1278374.00,1250980,27394,415.00,828.00,1243.00,828,415,0.00,0.00,0,0
1422555531,eth0,0.00,0.00,0.00,0,0,0.00,0.00,0.00,0,0,0.00,0.00,0,0
1422555531,lo,536.00,536.00,1072.00,536,536,6.00,6.00,12.00,6,6,0.00,0.00,0,0
1422555531,total,1278910.00,1278844.00,2557754.00,1278844,1278910,1249.00,1248.00,2497.00,1248,1249,0.00,0.00,0,0
1422555532,s1-eth1,1250102.00,27324.00,1277426.00,27324,1250102,827.00,414.00,1241.00,414,827,0.00,0.00,0,0
1422555532,s1-eth2,27258.00,1250102.00,1277360.00,1250102,27258,413.00,827.00,1240.00,827,413,0.00,0.00,0,0
1422555532,eth0,0.00,0.00,0.00,0,0,0.00,0.00,0.00,0,0,0.00,0.00,0,0
1422555532,lo,0.00,0.00,0.00,0,0,0.00,0.00,0.00,0,0,0.00,0.00,0,0
1422555532,total,1277360.00,1277426.00,2554786.00,1277426,1277360,1240.00,1241.00,2481.00,1241,1240,0.00,0.00,0,0
1422555533,s1-eth1,1250224.00,27324.00,1277548.00,27324,1250224,828.00,414.00,1242.00,414,828,0.00,0.00,0,0
1422555533,s1-eth2,27390.00,1250224.00,1277614.00,1250224,27390,415.00,828.00,1243.00,828,415,0.00,0.00,0,0
1422555533,eth0,0.00,0.00,0.00,0,0,0.00,0.00,0.00,0,0,0.00,0.00,0,0
1422555533,lo,0.00,0.00,0.00,0,0,0.00,0.00,0.00,0,0,0.00,0.00,0,0
1422555533,total,1277614.00,1277548.00,2555162.00,1277548,1277614,1243.00,1242.00,2485.00,1242,1243,0.00,0.00,0,0
1422555534,s1-eth1,1251172.88,27362.64,1278535.50,27390,1252424,827.17,414.59,1241.76,415,828,0.00,0.00,0,0
1422555534,s1-eth2,27296.70,1251172.88,1278469.62,1252424,27324,413.59,827.17,1240.76,828,414,0.00,0.00,0,0
1422555534,eth0,0.00,141.86,141.86,142,0,0.00,1.00,1.00,1,0,0.00,0.00,0,0
1422555534,lo,0.00,0.00,0.00,0,0,0.00,0.00,0.00,0,0,0.00,0.00,0,0
1422555534,total,1278469.62,1278677.38,2557147.00,1279956,1279748,1240.76,1242.76,2483.52,1244,1242,0.00,0.00,0,0
1422555535,s1-eth1,1233392.00,26994.00,1260386.00,26994,1233392,816.00,409.00,1225.00,409,816,0.00,0.00,0,0
1422555535,s1-eth2,27060.00,1234906.00,1261966.00,1234906,27060,410.00,817.00,1227.00,817,410,0.00,0.00,0,0
1422555535,eth0,0.00,206.00,206.00,206,0,0.00,3.00,3.00,3,0,0.00,0.00,0,0
1422555535,lo,0.00,0.00,0.00,0,0,0.00,0.00,0.00,0,0,0.00,0.00,0,0
1422555535,total,1260452.00,1262106.00,2522558.00,1262106,1260452,1226.00,1229.00,2455.00,1229,1226,0.00,0.00,0,0
1422555536,s1-eth1,1250564.00,27258.00,1277822.00,27258,1250564,826.00,413.00,1239.00,413,826,0.00,0.00,0,0
1422555536,s1-eth2,27258.00,1250564.00,1277822.00,1250564,27258,413.00,826.00,1239.00,826,413,0.00,0.00,0,0
1422555536,eth0,0.00,0.00,0.00,0,0,0.00,0.00,0.00,0,0,0.00,0.00,0,0
1422555536,lo,172.00,172.00,344.00,172,172,3.00,3.00,6.00,3,3,0.00,0.00,0,0
1422555536,total,1277994.00,1277994.00,2555988.00,1277994,1277994,1242.00,1242.00,2484.00,1242,1242,0.00,0.00,0,0
1422555537,s1-eth1,1250494.00,27324.00,1277818.00,27324,1250494,827.00,414.00,1241.00,414,827,0.00,0.00,0,0
1422555537,s1-eth2,27324.00,1250494.00,1277818.00,1250494,27324,414.00,827.00,1241.00,827,414,0.00,0.00,0,0
1422555537,eth0,0.00,0.00,0.00,0,0,0.00,0.00,0.00,0,0,0.00,0.00,0,0
1422555537,lo,0.00,0.00,0.00,0,0,0.00,0.00,0.00,0,0,0.00,0.00,0,0
1422555537,total,1277818.00,1277818.00,2555636.00,1277818,1277818,1241.00,1241.00,2482.00,1241,1241,0.00,0.00,0,0
1422555538,s1-eth1,1250910.00,27324.00,1278234.00,27324,1250910,827.00,414.00,1241.00,414,827,0.00,0.00,0,0
1422555538,s1-eth2,27258.00,1250910.00,1278168.00,1250910,27258,413.00,827.00,1240.00,827,413,0.00,0.00,0,0
1422555538,eth0,0.00,0.00,0.00,0,0,0.00,0.00,0.00,0,0,0.00,0.00,0,0
1422555538,lo,0.00,0.00,0.00,0,0,0.00,0.00,0.00,0,0,0.00,0.00,0,0
1422555538,total,1278168.00,1278234.00,2556402.00,1278234,1278168,1240.00,1241.00,2481.00,1241,1240,0.00,0.00,0,0
1422555539,s1-eth1,1250214.00,27324.00,1277538.00,27324,1250214,827.00,414.00,1241.00,414,827,0.00,0.00,0,0
1422555539,s1-eth2,27324.00,1250214.00,1277538.00,1250214,27324,414.00,827.00,1241.00,827,414,0.00,0.00,0,0
1422555539,eth0,0.00,0.00,0.00,0,0,0.00,0.00,0.00,0,0,0.00,0.00,0,0
1422555539,lo,0.00,0.00,0.00,0,0,0.00,0.00,0.00,0,0,0.00,0.00,0,0
1422555539,total,1277538.00,1277538.00,2555076.00,1277538,1277538,1241.00,1241.00,2482.00,1241,1241,0.00,0.00,0,0
1422555540,s1-eth1,1251494.00,27324.00,1278818.00,27324,1251494,827.00,414.00,1241.00,414,827,0.00,0.00,0,0
1422555540,s1-eth2,27324.00,1251494.00,1278818.00,1251494,27324,414.00,827.00,1241.00,827,414,0.00,0.00,0,0
1422555540,eth0,0.00,0.00,0.00,0,0,0.00,0.00,0.00,0,0,0.00,0.00,0,0
1422555540,lo,0.00,0.00,0.00,0,0,0.00,0.00,0.00,0,0,0.00,0.00,0,0
1422555540,total,1278818.00,1278818.00,2557636.00,1278818,1278818,1241.00,1241.00,2482.00,1241,1241,0.00,0.00,0,0
1422555541,s1-eth1,1250910.00,27258.00,1278168.00,27258,1250910,827.00,413.00,1240.00,413,827,0.00,0.00,0,0
1422555541,s1-eth2,27324.00,1250910.00,1278234.00,1250910,27324,414.00,827.00,1241.00,827,414,0.00,0.00,0,0
1422555541,eth0,90.00,150.00,240.00,150,90,1.00,2.00,3.00,2,1,0.00,0.00,0,0
1422555541,lo,172.00,172.00,344.00,172,172,3.00,3.00,6.00,3,3,0.00,0.00,0,0
1422555541,total,1278496.00,1278490.00,2556986.00,1278490,1278496,1245.00,1245.00,2490.00,1245,1245,0.00,0.00,0,0
1422555542,s1-eth1,1250280.00,27390.00,1277670.00,27390,1250280,828.00,415.00,1243.00,415,828,0.00,0.00,0,0
1422555542,s1-eth2,27390.00,1250280.00,1277670.00,1250280,27390,415.00,828.00,1243.00,828,415,0.00,0.00,0,0
1422555542,eth0,90.00,352.00,442.00,352,90,1.00,4.00,5.00,4,1,0.00,0.00,0,0
1422555542,lo,0.00,0.00,0.00,0,0,0.00,0.00,0.00,0,0,0.00,0.00,0,0
1422555542,total,1277760.00,1278022.00,2555782.00,1278022,1277760,1244.00,1247.00,2491.00,1247,1244,0.00,0.00,0,0
1422555543,s1-eth1,1250910.00,27390.00,1278300.00,27390,1250910,827.00,415.00,1242.00,415,827,0.00,0.00,0,0
1422555543,s1-eth2,27324.00,1250910.00,1278234.00,1250910,27324,414.00,827.00,1241.00,827,414,0.00,0.00,0,0
1422555543,eth0,0.00,0.00,0.00,0,0,0.00,0.00,0.00,0,0,0.00,0.00,0,0
1422555543,lo,0.00,0.00,0.00,0,0,0.00,0.00,0.00,0,0,0.00,0.00,0,0
1422555543,total,1278234.00,1278300.00,2556534.00,1278300,1278234,1241.00,1242.00,2483.00,1242,1241,0.00,0.00,0,0
1422555544,s1-eth1,1250854.00,27324.00,1278178.00,27324,1250854,827.00,414.00,1241.00,414,827,0.00,0.00,0,0
1422555544,s1-eth2,27324.00,1249340.00,1276664.00,1249340,27324,414.00,826.00,1240.00,826,414,0.00,0.00,0,0
1422555544,eth0,90.00,90.00,180.00,90,90,1.00,1.00,2.00,1,1,0.00,0.00,0,0
1422555544,lo,0.00,0.00,0.00,0,0,0.00,0.00,0.00,0,0,0.00,0.00,0,0
1422555544,total,1278268.00,1276754.00,2555022.00,1276754,1278268,1242.00,1241.00,2483.00,1241,1242,0.00,0.00,0,0
1422555545,s1-eth1,1250299.75,27230.77,1277530.50,27258,1251550,826.17,412.59,1238.76,413,827,0.00,0.00,0,0
1422555545,s1-eth2,27230.77,1250299.75,1277530.50,1251550,27258,412.59,826.17,1238.76,827,413,0.00,0.00,0,0
1422555545,eth0,0.00,0.00,0.00,0,0,0.00,0.00,0.00,0,0,0.00,0.00,0,0
1422555545,lo,0.00,0.00,0.00,0,0,0.00,0.00,0.00,0,0,0.00,0.00,0,0
1422555545,total,1277530.50,1277530.50,2555061.00,1278808,1278808,1238.76,1238.76,2477.52,1240,1240,0.00,0.00,0,0
1422555546,s1-eth1,1250214.00,27324.00,1277538.00,27324,1250214,827.00,414.00,1241.00,414,827,0.00,0.00,0,0
1422555546,s1-eth2,27390.00,1251728.00,1279118.00,1251728,27390,415.00,828.00,1243.00,828,415,0.00,0.00,0,0
1422555546,eth0,240.00,300.00,540.00,300,240,3.00,4.00,7.00,4,3,0.00,0.00,0,0
1422555546,lo,172.00,172.00,344.00,172,172,3.00,3.00,6.00,3,3,0.00,0.00,0,0
1422555546,total,1278016.00,1279524.00,2557540.00,1279524,1278016,1248.00,1249.00,2497.00,1249,1248,0.00,0.00,0,0
1422555547,s1-eth1,1250910.00,27390.00,1278300.00,27390,1250910,827.00,415.00,1242.00,415,827,0.00,0.00,0,0
1422555547,s1-eth2,27324.00,1250910.00,1278234.00,1250910,27324,414.00,827.00,1241.00,827,414,0.00,0.00,0,0
1422555547,eth0,0.00,0.00,0.00,0,0,0.00,0.00,0.00,0,0,0.00,0.00,0,0
1422555547,lo,0.00,0.00,0.00,0,0,0.00,0.00,0.00,0,0,0.00,0.00,0,0
1422555547,total,1278234.00,1278300.00,2556534.00,1278300,1278234,1241.00,1242.00,2483.00,1242,1241,0.00,0.00,0,0
1422555548,s1-eth1,1249462.00,27390.00,1276852.00,27390,1249462,827.00,415.00,1242.00,415,827,0.00,0.00,0,0
1422555548,s1-eth2,27456.00,1249462.00,1276918.00,1249462,27456,416.00,827.00,1243.00,827,416,0.00,0.00,0,0
1422555548,eth0,0.00,142.00,142.00,142,0,0.00,1.00,1.00,1,0,0.00,0.00,0,0
1422555548,lo,0.00,0.00,0.00,0,0,0.00,0.00,0.00,0,0,0.00,0.00,0,0
1422555548,total,1276918.00,1276994.00,2553912.00,1276994,1276918,1243.00,1243.00,2486.00,1243,1243,0.00,0.00,0,0
1422555549,s1-eth1,1251682.00,27456.00,1279138.00,27456,1251682,829.00,416.00,1245.00,416,829,0.00,0.00,0,0
1422555549,s1-eth2,27390.00,1251682.00,1279072.00,1251682,27390,415.00,829.00,1244.00,829,415,0.00,0.00,0,0
1422555549,eth0,0.00,60.00,60.00,60,0,0.00,1.00,1.00,1,0,0.00,0.00,0,0
1422555549,lo,0.00,0.00,0.00,0,0,0.00,0.00,0.00,0,0,0.00,0.00,0,0
1422555549,total,1279072.00,1279198.00,2558270.00,1279198,1279072,1244.00,1246.00,2490.00,1246,1244,0.00,0.00,0,0
1422555550,s1-eth1,1250920.00,27324.00,1278244.00,27324,1250920,828.00,414.00,1242.00,414,828,0.00,0.00,0,0
1422555550,s1-eth2,27324.00,1250920.00,1278244.00,1250920,27324,414.00,828.00,1242.00,828,414,0.00,0.00,0,0
1422555550,eth0,0.00,290.00,290.00,290,0,0.00,2.00,2.00,2,0,0.00,0.00,0,0
1422555550,lo,0.00,0.00,0.00,0,0,0.00,0.00,0.00,0,0,0.00,0.00,0,0
1422555550,total,1278244.00,1278534.00,2556778.00,1278534,1278244,1242.00,1244.00,2486.00,1244,1242,0.00,0.00,0,0
1422555551,s1-eth1,1250214.00,27324.00,1277538.00,27324,1250214,827.00,414.00,1241.00,414,827,0.00,0.00,0,0
1422555551,s1-eth2,27390.00,1250214.00,1277604.00,1250214,27390,415.00,827.00,1242.00,827,415,0.00,0.00,0,0
1422555551,eth0,0.00,0.00,0.00,0,0,0.00,0.00,0.00,0,0,0.00,0.00,0,0
1422555551,lo,172.00,172.00,344.00,172,172,3.00,3.00,6.00,3,3,0.00,0.00,0,0
1422555551,total,1277776.00,1277710.00,2555486.00,1277710,1277776,1245.00,1244.00,2489.00,1244,1245,0.00,0.00,0,0
1422555552,s1-eth1,1250910.00,27390.00,1278300.00,27390,1250910,827.00,415.00,1242.00,415,827,0.00,0.00,0,0
1422555552,s1-eth2,27324.00,1250910.00,1278234.00,1250910,27324,414.00,827.00,1241.00,827,414,0.00,0.00,0,0
1422555552,eth0,0.00,0.00,0.00,0,0,0.00,0.00,0.00,0,0,0.00,0.00,0,0
1422555552,lo,0.00,0.00,0.00,0,0,0.00,0.00,0.00,0,0,0.00,0.00,0,0
1422555552,total,1278234.00,1278300.00,2556534.00,1278300,1278234,1241.00,1242.00,2483.00,1242,1241,0.00,0.00,0,0
1422555553,s1-eth1,1251494.00,27324.00,1278818.00,27324,1251494,827.00,414.00,1241.00,414,827,0.00,0.00,0,0
1422555553,s1-eth2,27324.00,1251494.00,1278818.00,1251494,27324,414.00,827.00,1241.00,827,414,0.00,0.00,0,0
1422555553,eth0,0.00,142.00,142.00,142,0,0.00,1.00,1.00,1,0,0.00,0.00,0,0
1422555553,lo,0.00,0.00,0.00,0,0,0.00,0.00,0.00,0,0,0.00,0.00,0,0
1422555553,total,1278818.00,1278960.00,2557778.00,1278960,1278818,1241.00,1242.00,2483.00,1242,1241,0.00,0.00,0,0
1422555554,s1-eth1,1251098.00,27390.00,1278488.00,27390,1251098,829.00,415.00,1244.00,415,829,0.00,0.00,0,0
1422555554,s1-eth2,27390.00,1249584.00,1276974.00,1249584,27390,415.00,828.00,1243.00,828,415,0.00,0.00,0,0
1422555554,eth0,0.00,0.00,0.00,0,0,0.00,0.00,0.00,0,0,0.00,0.00,0,0
1422555554,lo,0.00,0.00,0.00,0,0,0.00,0.00,0.00,0,0,0.00,0.00,0,0
1422555554,total,1278488.00,1276974.00,2555462.00,1276974,1278488,1244.00,1243.00,2487.00,1243,1244,0.00,0.00,0,0
1422555555,s1-eth1,1250224.00,27324.00,1277548.00,27324,1250224,828.00,414.00,1242.00,414,828,0.00,0.00,0,0
1422555555,s1-eth2,27390.00,1251738.00,1279128.00,1251738,27390,415.00,829.00,1244.00,829,415,0.00,0.00,0,0
1422555555,eth0,0.00,0.00,0.00,0,0,0.00,0.00,0.00,0,0,0.00,0.00,0,0
1422555555,lo,0.00,0.00,0.00,0,0,0.00,0.00,0.00,0,0,0.00,0.00,0,0
1422555555,total,1277614.00,1279062.00,2556676.00,1279062,1277614,1243.00,1243.00,2486.00,1243,1243,0.00,0.00,0,0
1422555556,s1-eth1,1250022.00,27366.00,1277388.00,27366,1250022,827.00,415.00,1242.00,415,827,0.00,0.00,0,0
1422555556,s1-eth2,27366.00,1250022.00,1277388.00,1250022,27366,415.00,827.00,1242.00,827,415,0.00,0.00,0,0
1422555556,eth0,0.00,120.00,120.00,120,0,0.00,2.00,2.00,2,0,0.00,0.00,0,0
1422555556,lo,296.00,296.00,592.00,296,296,3.00,3.00,6.00,3,3,0.00,0.00,0,0
1422555556,total,1277684.00,1277804.00,2555488.00,1277804,1277684,1245.00,1247.00,2492.00,1247,1245,0.00,0.00,0,0
1422555557,s1-eth1,1251840.00,27324.00,1279164.00,27324,1251840,828.00,414.00,1242.00,414,828,0.00,0.00,0,0
1422555557,s1-eth2,27258.00,1250326.00,1277584.00,1250326,27258,413.00,827.00,1240.00,827,413,0.00,0.00,0,0
1422555557,eth0,0.00,0.00,0.00,0,0,0.00,0.00,0.00,0,0,0.00,0.00,0,0
1422555557,lo,0.00,0.00,0.00,0,0,0.00,0.00,0.00,0,0,0.00,0.00,0,0
1422555557,total,1279098.00,1277650.00,2556748.00,1277650,1279098,1241.00,1241.00,2482.00,1241,1241,0.00,0.00,0,0
1422555558,s1-eth1,1250365.62,27362.64,1277728.25,27390,1251616,827.17,414.59,1241.76,415,828,0.00,0.00,0,0
1422555558,s1-eth2,27362.64,1251878.12,1279240.75,1253130,27390,414.59,828.17,1242.76,829,415,0.00,0.00,0,0
1422555558,eth0,0.00,313.69,313.69,314,0,0.00,2.00,2.00,2,0,0.00,0.00,0,0
1422555558,lo,0.00,0.00,0.00,0,0,0.00,0.00,0.00,0,0,0.00,0.00,0,0
1422555558,total,1277728.25,1279554.50,2557282.75,1280834,1279006,1241.76,1244.76,2486.51,1246,1243,0.00,0.00,0,0
1422555559,s1-eth1,1250224.00,27324.00,1277548.00,27324,1250224,828.00,414.00,1242.00,414,828,0.00,0.00,0,0
1422555559,s1-eth2,27390.00,1250224.00,1277614.00,1250224,27390,415.00,828.00,1243.00,828,415,0.00,0.00,0,0
1422555559,eth0,0.00,0.00,0.00,0,0,0.00,0.00,0.00,0,0,0.00,0.00,0,0
1422555559,lo,0.00,0.00,0.00,0,0,0.00,0.00,0.00,0,0,0.00,0.00,0,0
1422555559,total,1277614.00,1277548.00,2555162.00,1277548,1277614,1243.00,1242.00,2485.00,1242,1243,0.00,0.00,0,0
1422555560,s1-eth1,1250910.00,27390.00,1278300.00,27390,1250910,827.00,415.00,1242.00,415,827,0.00,0.00,0,0
1422555560,s1-eth2,27324.00,1250910.00,1278234.00,1250910,27324,414.00,827.00,1241.00,827,414,0.00,0.00,0,0
1422555560,eth0,0.00,0.00,0.00,0,0,0.00,0.00,0.00,0,0,0.00,0.00,0,0
1422555560,lo,172.00,172.00,344.00,172,172,3.00,3.00,6.00,3,3,0.00,0.00,0,0
1422555560,total,1278406.00,1278472.00,2556878.00,1278472,1278406,1244.00,1245.00,2489.00,1245,1244,0.00,0.00,0,0
1422555561,s1-eth1,1251042.00,27324.00,1278366.00,27324,1251042,829.00,414.00,1243.00,414,829,0.00,0.00,0,0
1422555561,s1-eth2,27390.00,1251042.00,1278432.00,1251042,27390,415.00,829.00,1244.00,829,415,0.00,0.00,0,0
1422555561,eth0,0.00,0.00,0.00,0,0,0.00,0.00,0.00,0,0,0.00,0.00,0,0
1422555561,lo,0.00,0.00,0.00,0,0,0.00,0.00,0.00,0,0,0.00,0.00,0,0
1422555561,total,1278432.00,1278366.00,2556798.00,1278366,1278432,1244.00,1243.00,2487.00,1243,1244,0.00,0.00,0,0
1422555562,s1-eth1,1250910.00,27324.00,1278234.00,27324,1250910,827.00,414.00,1241.00,414,827,0.00,0.00,0,0
1422555562,s1-eth2,27258.00,1249396.00,1276654.00,1249396,27258,413.00,826.00,1239.00,826,413,0.00,0.00,0,0
1422555562,eth0,0.00,0.00,0.00,0,0,0.00,0.00,0.00,0,0,0.00,0.00,0,0
1422555562,lo,0.00,0.00,0.00,0,0,0.00,0.00,0.00,0,0,0.00,0.00,0,0
1422555562,total,1278168.00,1276720.00,2554888.00,1276720,1278168,1240.00,1240.00,2480.00,1240,1240,0.00,0.00,0,0
1422555563,s1-eth1,1250798.00,27258.00,1278056.00,27258,1250798,827.00,413.00,1240.00,413,827,0.00,0.00,0,0
1422555563,s1-eth2,27324.00,1250798.00,1278122.00,1250798,27324,414.00,827.00,1241.00,827,414,0.00,0.00,0,0
1422555563,eth0,0.00,262.00,262.00,262,0,0.00,3.00,3.00,3,0,0.00,0.00,0,0
1422555563,lo,0.00,0.00,0.00,0,0,0.00,0.00,0.00,0,0,0.00,0.00,0,0
1422555563,total,1278122.00,1278318.00,2556440.00,1278318,1278122,1241.00,1243.00,2484.00,1243,1241,0.00,0.00,0,0
1422555564,s1-eth1,1249396.00,27390.00,1276786.00,27390,1249396,826.00,415.00,1241.00,415,826,0.00,0.00,0,0
1422555564,s1-eth2,27324.00,1250910.00,1278234.00,1250910,27324,414.00,827.00,1241.00,827,414,0.00,0.00,0,0
1422555564,eth0,0.00,0.00,0.00,0,0,0.00,0.00,0.00,0,0,0.00,0.00,0,0
1422555564,lo,0.00,0.00,0.00,0,0,0.00,0.00,0.00,0,0,0.00,0.00,0,0
1422555564,total,1276720.00,1278300.00,2555020.00,1278300,1276720,1240.00,1242.00,2482.00,1242,1240,0.00,0.00,0,0
1422555565,s1-eth1,1250910.00,27324.00,1278234.00,27324,1250910,827.00,414.00,1241.00,414,827,0.00,0.00,0,0
1422555565,s1-eth2,27324.00,1250910.00,1278234.00,1250910,27324,414.00,827.00,1241.00,827,414,0.00,0.00,0,0
1422555565,eth0,0.00,86.00,86.00,86,0,0.00,1.00,1.00,1,0,0.00,0.00,0,0
1422555565,lo,172.00,172.00,344.00,172,172,3.00,3.00,6.00,3,3,0.00,0.00,0,0
1422555565,total,1278406.00,1278492.00,2556898.00,1278492,1278406,1244.00,1245.00,2489.00,1245,1244,0.00,0.00,0,0
1422555566,s1-eth1,1251042.00,27324.00,1278366.00,27324,1251042,829.00,414.00,1243.00,414,829,0.00,0.00,0,0
1422555566,s1-eth2,27390.00,1251042.00,1278432.00,1251042,27390,415.00,829.00,1244.00,829,415,0.00,0.00,0,0
1422555566,eth0,0.00,0.00,0.00,0,0,0.00,0.00,0.00,0,0,0.00,0.00,0,0
1422555566,lo,0.00,0.00,0.00,0,0,0.00,0.00,0.00,0,0,0.00,0.00,0,0
1422555566,total,1278432.00,1278366.00,2556798.00,1278366,1278432,1244.00,1243.00,2487.00,1243,1244,0.00,0.00,0,0
1422555567,s1-eth1,1250864.00,27390.00,1278254.00,27390,1250864,828.00,415.00,1243.00,415,828,0.00,0.00,0,0
1422555567,s1-eth2,27324.00,1250864.00,1278188.00,1250864,27324,414.00,828.00,1242.00,828,414,0.00,0.00,0,0
1422555567,eth0,0.00,60.00,60.00,60,0,0.00,1.00,1.00,1,0,0.00,0.00,0,0
1422555567,lo,0.00,0.00,0.00,0,0,0.00,0.00,0.00,0,0,0.00,0.00,0,0
1422555567,total,1278188.00,1278314.00,2556502.00,1278314,1278188,1242.00,1244.00,2486.00,1244,1242,0.00,0.00,0,0
1422555568,s1-eth1,1250910.00,27258.00,1278168.00,27258,1250910,827.00,413.00,1240.00,413,827,0.00,0.00,0,0
1422555568,s1-eth2,27324.00,1250910.00,1278234.00,1250910,27324,414.00,827.00,1241.00,827,414,0.00,0.00,0,0
1422555568,eth0,0.00,0.00,0.00,0,0,0.00,0.00,0.00,0,0,0.00,0.00,0,0
1422555568,lo,0.00,0.00,0.00,0,0,0.00,0.00,0.00,0,0,0.00,0.00,0,0
1422555568,total,1278234.00,1278168.00,2556402.00,1278168,1278234,1241.00,1240.00,2481.00,1240,1241,0.00,0.00,0,0
1422555569,s1-eth1,1250910.00,27324.00,1278234.00,27324,1250910,827.00,414.00,1241.00,414,827,0.00,0.00,0,0
1422555569,s1-eth2,27324.00,1250910.00,1278234.00,1250910,27324,414.00,827.00,1241.00,827,414,0.00,0.00,0,0
1422555569,eth0,0.00,142.00,142.00,142,0,0.00,1.00,1.00,1,0,0.00,0.00,0,0
1422555569,lo,0.00,0.00,0.00,0,0,0.00,0.00,0.00,0,0,0.00,0.00,0,0
1422555569,total,1278234.00,1278376.00,2556610.00,1278376,1278234,1241.00,1242.00,2483.00,1242,1241,0.00,0.00,0,0
1422555570,s1-eth1,1249528.00,27390.00,1276918.00,27390,1249528,828.00,415.00,1243.00,415,828,0.00,0.00,0,0
1422555570,s1-eth2,27390.00,1249528.00,1276918.00,1249528,27390,415.00,828.00,1243.00,828,415,0.00,0.00,0,0
1422555570,eth0,0.00,0.00,0.00,0,0,0.00,0.00,0.00,0,0,0.00,0.00,0,0
1422555570,lo,172.00,172.00,344.00,172,172,3.00,3.00,6.00,3,3,0.00,0.00,0,0
1422555570,total,1277090.00,1277090.00,2554180.00,1277090,1277090,1246.00,1246.00,2492.00,1246,1246,0.00,0.00,0,0
1422555571,s1-eth1,1250864.00,27324.00,1278188.00,27324,1250864,828.00,414.00,1242.00,414,828,0.00,0.00,0,0
1422555571,s1-eth2,27258.00,1250864.00,1278122.00,1250864,27258,413.00,828.00,1241.00,828,413,0.00,0.00,0,0
1422555571,eth0,0.00,120.00,120.00,120,0,0.00,2.00,2.00,2,0,0.00,0.00,0,0
1422555571,lo,0.00,0.00,0.00,0,0,0.00,0.00,0.00,0,0,0.00,0.00,0,0
1422555571,total,1278122.00,1278308.00,2556430.00,1278308,1278122,1241.00,1244.00,2485.00,1244,1241,0.00,0.00,0,0
1422555572,s1-eth1,1251850.00,27324.00,1279174.00,27324,1251850,829.00,414.00,1243.00,414,829,0.00,0.00,0,0
1422555572,s1-eth2,27390.00,1250336.00,1277726.00,1250336,27390,415.00,828.00,1243.00,828,415,0.00,0.00,0,0
1422555572,eth0,0.00,0.00,0.00,0,0,0.00,0.00,0.00,0,0,0.00,0.00,0,0
1422555572,lo,0.00,0.00,0.00,0,0,0.00,0.00,0.00,0,0,0.00,0.00,0,0
1422555572,total,1279240.00,1277660.00,2556900.00,1277660,1279240,1244.00,1242.00,2486.00,1242,1244,0.00,0.00,0,0
1422555573,s1-eth1,1248919.12,27362.64,1276281.75,27390,1250168,827.17,414.59,1241.76,415,828,0.00,0.00,0,0
1422555573,s1-eth2,27296.70,1250431.62,1277728.25,1251682,27324,413.59,828.17,1241.76,829,414,0.00,0.00,0,0
1422555573,eth0,0.00,0.00,0.00,0,0,0.00,0.00,0.00,0,0,0.00,0.00,0,0
1422555573,lo,0.00,0.00,0.00,0,0,0.00,0.00,0.00,0,0,0.00,0.00,0,0
1422555573,total,1276215.88,1277794.25,2554010.00,1279072,1277492,1240.76,1242.76,2483.52,1244,1242,0.00,0.00,0,0
1422555574,s1-eth1,1250910.00,27324.00,1278234.00,27324,1250910,827.00,414.00,1241.00,414,827,0.00,0.00,0,0
1422555574,s1-eth2,27324.00,1250910.00,1278234.00,1250910,27324,414.00,827.00,1241.00,827,414,0.00,0.00,0,0
1422555574,eth0,0.00,142.00,142.00,142,0,0.00,1.00,1.00,1,0,0.00,0.00,0,0
1422555574,lo,0.00,0.00,0.00,0,0,0.00,0.00,0.00,0,0,0.00,0.00,0,0
1422555574,total,1278234.00,1278376.00,2556610.00,1278376,1278234,1241.00,1242.00,2483.00,1242,1241,0.00,0.00,0,0
1422555575,s1-eth1,1250798.00,27258.00,1278056.00,27258,1250798,827.00,413.00,1240.00,413,827,0.00,0.00,0,0
1422555575,s1-eth2,27324.00,1250798.00,1278122.00,1250798,27324,414.00,827.00,1241.00,827,414,0.00,0.00,0,0
1422555575,eth0,0.00,0.00,0.00,0,0,0.00,0.00,0.00,0,0,0.00,0.00,0,0
1422555575,lo,172.00,172.00,344.00,172,172,3.00,3.00,6.00,3,3,0.00,0.00,0,0
1422555575,total,1278294.00,1278228.00,2556522.00,1278228,1278294,1244.00,1243.00,2487.00,1243,1244,0.00,0.00,0,0
1422555576,s1-eth1,1250910.00,27390.00,1278300.00,27390,1250910,827.00,415.00,1242.00,415,827,0.00,0.00,0,0
1422555576,s1-eth2,27324.00,1250910.00,1278234.00,1250910,27324,414.00,827.00,1241.00,827,414,0.00,0.00,0,0
1422555576,eth0,0.00,0.00,0.00,0,0,0.00,0.00,0.00,0,0,0.00,0.00,0,0
1422555576,lo,0.00,0.00,0.00,0,0,0.00,0.00,0.00,0,0,0.00,0.00,0,0
1422555576,total,1278234.00,1278300.00,2556534.00,1278300,1278234,1241.00,1242.00,2483.00,1242,1241,0.00,0.00,0,0
1422555577,s1-eth1,1251098.00,27390.00,1278488.00,27390,1251098,829.00,415.00,1244.00,415,829,0.00,0.00,0,0
1422555577,s1-eth2,27390.00,1251098.00,1278488.00,1251098,27390,415.00,829.00,1244.00,829,415,0.00,0.00,0,0
1422555577,eth0,0.00,0.00,0.00,0,0,0.00,0.00,0.00,0,0,0.00,0.00,0,0
1422555577,lo,0.00,0.00,0.00,0,0,0.00,0.00,0.00,0,0,0.00,0.00,0,0
1422555577,total,1278488.00,1278488.00,2556976.00,1278488,1278488,1244.00,1244.00,2488.00,1244,1244,0.00,0.00,0,0
1422555578,s1-eth1,1249528.00,27324.00,1276852.00,27324,1249528,828.00,414.00,1242.00,414,828,0.00,0.00,0,0
1422555578,s1-eth2,27324.00,1249528.00,1276852.00,1249528,27324,414.00,828.00,1242.00,828,414,0.00,0.00,0,0
1422555578,eth0,0.00,120.00,120.00,120,0,0.00,2.00,2.00,2,0,0.00,0.00,0,0
1422555578,lo,0.00,0.00,0.00,0,0,0.00,0.00,0.00,0,0,0.00,0.00,0,0
1422555578,total,1276852.00,1276972.00,2553824.00,1276972,1276852,1242.00,1244.00,2486.00,1244,1242,0.00,0.00,0,0
1422555579,s1-eth1,1250742.00,27324.00,1278066.00,27324,1250742,827.00,414.00,1241.00,414,827,0.00,0.00,0,0
1422555579,s1-eth2,27324.00,1249228.00,1276552.00,1249228,27324,414.00,826.00,1240.00,826,414,0.00,0.00,0,0
1422555579,eth0,0.00,0.00,0.00,0,0,0.00,0.00,0.00,0,0,0.00,0.00,0,0
1422555579,lo,0.00,0.00,0.00,0,0,0.00,0.00,0.00,0,0,0.00,0.00,0,0
1422555579,total,1278066.00,1276552.00,2554618.00,1276552,1278066,1241.00,1240.00,2481.00,1240,1241,0.00,0.00,0,0
1422555580,s1-eth1,1249396.00,27258.00,1276654.00,27258,1249396,826.00,413.00,1239.00,413,826,0.00,0.00,0,0
1422555580,s1-eth2,27258.00,1250910.00,1278168.00,1250910,27258,413.00,827.00,1240.00,827,413,0.00,0.00,0,0
1422555580,eth0,0.00,432.00,432.00,432,0,0.00,3.00,3.00,3,0,0.00,0.00,0,0
1422555580,lo,172.00,172.00,344.00,172,172,3.00,3.00,6.00,3,3,0.00,0.00,0,0
1422555580,total,1276826.00,1278772.00,2555598.00,1278772,1276826,1242.00,1246.00,2488.00,1246,1242,0.00,0.00,0,0
1422555581,s1-eth1,1251032.00,27390.00,1278422.00,27390,1251032,828.00,415.00,1243.00,415,828,0.00,0.00,0,0
1422555581,s1-eth2,27390.00,1251032.00,1278422.00,1251032,27390,415.00,828.00,1243.00,828,415,0.00,0.00,0,0
1422555581,eth0,0.00,0.00,0.00,0,0,0.00,0.00,0.00,0,0,0.00,0.00,0,0
1422555581,lo,0.00,0.00,0.00,0,0,0.00,0.00,0.00,0,0,0.00,0.00,0,0
1422555581,total,1278422.00,1278422.00,2556844.00,1278422,1278422,1243.00,1243.00,2486.00,1243,1243,0.00,0.00,0,0
1422555582,s1-eth1,490150.00,10824.00,500974.00,10824,490150,327.00,164.00,491.00,164,327,0.00,0.00,0,0
1422555582,s1-eth2,10890.00,485608.00,496498.00,485608,10890,165.00,324.00,489.00,324,165,0.00,0.00,0,0
1422555582,eth0,0.00,0.00,0.00,0,0,0.00,0.00,0.00,0,0,0.00,0.00,0,0
1422555582,lo,0.00,0.00,0.00,0,0,0.00,0.00,0.00,0,0,0.00,0.00,0,0
1422555582,total,501040.00,496432.00,997472.00,496432,501040,492.00,488.00,980.00,488,492,0.00,0.00,0,0
1422555583,s1-eth1,0.00,0.00,0.00,0,0,0.00,0.00,0.00,0,0,0.00,0.00,0,0
1422555583,s1-eth2,0.00,0.00,0.00,0,0,0.00,0.00,0.00,0,0,0.00,0.00,0,0
1422555583,eth0,0.00,0.00,0.00,0,0,0.00,0.00,0.00,0,0,0.00,0.00,0,0