1423516223,s1-eth1,0.00,0.00,0.00,0,0,0.00,0.00,0.00,0,0,0.00,0.00,0,0
1423516223,s1-eth3,0.00,0.00,0.00,0,0,0.00,0.00,0.00,0,0,0.00,0.00,0,0
1423516223,s1-eth2,0.00,0.00,0.00,0,0,0.00,0.00,0.00,0,0,0.00,0.00,0,0
1423516223,s2-eth1,0.00,0.00,0.00,0,0,0.00,0.00,0.00,0,0,0.00,0.00,0,0
1423516223,s2-eth3,0.00,0.00,0.00,0,0,0.00,0.00,0.00,0,0,0.00,0.00,0,0
1423516223,s2-eth2,0.00,0.00,0.00,0,0,0.00,0.00,0.00,0,0,0.00,0.00,0,0
1423516223,s3-eth1,0.00,0.00,0.00,0,0,0.00,0.00,0.00,0,0,0.00,0.00,0,0
1423516223,s3-eth3,0.00,0.00,0.00,0,0,0.00,0.00,0.00,0,0,0.00,0.00,0,0
1423516223,s3-eth2,0.00,0.00,0.00,0,0,0.00,0.00,0.00,0,0,0.00,0.00,0,0
1423516223,eth0,0.00,0.00,0.00,0,0,0.00,0.00,0.00,0,0,0.00,0.00,0,0
1423516223,lo,0.00,0.00,0.00,0,0,0.00,0.00,0.00,0,0,0.00,0.00,0,0
1423516223,s4-eth1,0.00,0.00,0.00,0,0,0.00,0.00,0.00,0,0,0.00,0.00,0,0
1423516223,s4-eth3,0.00,0.00,0.00,0,0,0.00,0.00,0.00,0,0,0.00,0.00,0,0
1423516223,s4-eth2,0.00,0.00,0.00,0,0,0.00,0.00,0.00,0,0,0.00,0.00,0,0
1423516223,s5-eth1,0.00,0.00,0.00,0,0,0.00,0.00,0.00,0,0,0.00,0.00,0,0
1423516223,s5-eth2,0.00,0.00,0.00,0,0,0.00,0.00,0.00,0,0,0.00,0.00,0,0
1423516223,total,0.00,0.00,0.00,0,0,0.00,0.00,0.00,0,0,0.00,0.00,0,0
1423516224,s1-eth1,1249962.00,28710.00,1278672.00,28710,1249962,833.00,435.00,1268.00,435,833,0.00,0.00,0,0
1423516224,s1-eth3,23058.00,1028706.00,1051764.00,1028706,23058,349.00,685.00,1034.00,685,349,0.00,0.00,0,0
1423516224,s1-eth2,5766.00,248508.00,254274.00,248508,5766,87.00,166.00,253.00,166,87,0.00,0.00,0,0
1423516224,s2-eth1,1028706.00,23058.00,1051764.00,23058,1028706,685.00,349.00,1034.00,349,685,0.00,0.00,0,0
1423516224,s2-eth3,17142.00,754460.00,771602.00,754460,17142,259.00,502.00,761.00,502,259,0.00,0.00,0,0
1423516224,s2-eth2,6096.00,274246.00,280342.00,274246,6096,92.00,183.00,275.00,183,92,0.00,0.00,0,0
1423516224,s3-eth1,754460.00,17142.00,771602.00,17142,754460,502.00,259.00,761.00,259,502,0.00,0.00,0,0
1423516224,s3-eth3,11532.00,500682.00,512214.00,500682,11532,174.00,333.00,507.00,333,174,0.00,0.00,0,0
1423516224,s3-eth2,5856.00,253778.00,259634.00,253778,5856,88.00,169.00,257.00,169,88,0.00,0.00,0,0
1423516224,eth0,206.00,126.00,332.00,126,206,2.00,2.00,4.00,2,2,0.00,0.00,0,0
1423516224,lo,2880.00,2880.00,5760.00,2880,2880,30.00,30.00,60.00,30,30,0.00,0.00,0,0
1423516224,s4-eth1,500682.00,11532.00,512214.00,11532,500682,333.00,174.00,507.00,174,333,0.00,0.00,0,0
1423516224,s4-eth3,5328.00,228736.00,234064.00,228736,5328,80.00,152.00,232.00,152,80,0.00,0.00,0,0
1423516224,s4-eth2,6252.00,271946.00,278198.00,271946,6252,94.00,181.00,275.00,181,94,0.00,0.00,0,0
1423516224,s5-eth1,228736.00,5328.00,234064.00,5328,228736,152.00,80.00,232.00,80,152,0.00,0.00,0,0
1423516224,s5-eth2,5328.00,228736.00,234064.00,228736,5328,80.00,152.00,232.00,152,80,0.00,0.00,0,0
1423516224,total,3851990.00,3878574.00,7730564.00,3878574,3851990,3840.00,3852.00,7692.00,3852,3840,0.00,0.00,0,0
1423516225,s1-eth1,1250426.00,28866.00,1279292.00,28866,1250426,831.00,437.00,1268.00,437,831,0.00,0.00,0,0
1423516225,s1-eth3,23458.00,1026494.00,1049952.00,1026494,23458,355.00,685.00,1040.00,685,355,0.00,0.00,0,0
1423516225,s1-eth2,5844.00,234862.00,240706.00,234862,5844,88.00,157.00,245.00,157,88,0.00,0.00,0,0
1423516225,s2-eth1,1026494.00,23458.00,1049952.00,23458,1026494,685.00,355.00,1040.00,355,685,0.00,0.00,0,0
1423516225,s2-eth3,17654.00,774160.00,791814.00,774160,17654,267.00,516.00,783.00,516,267,0.00,0.00,0,0
1423516225,s2-eth2,6174.00,252334.00,258508.00,252334,6174,93.00,169.00,262.00,169,93,0.00,0.00,0,0
1423516225,s3-eth1,774160.00,17654.00,791814.00,17654,774160,516.00,267.00,783.00,267,516,0.00,0.00,0,0
1423516225,s3-eth3,11978.00,524228.00,536206.00,524228,11978,181.00,350.00,531.00,350,181,0.00,0.00,0,0
1423516225,s3-eth2,5980.00,249932.00,255912.00,249932,5980,90.00,166.00,256.00,166,90,0.00,0.00,0,0
1423516225,eth0,206.00,126.00,332.00,126,206,2.00,2.00,4.00,2,2,0.00,0.00,0,0
1423516225,lo,6800.00,6800.00,13600.00,6800,6800,75.00,75.00,150.00,75,75,0.00,0.00,0,0
1423516225,s4-eth1,524228.00,11978.00,536206.00,11978,524228,350.00,181.00,531.00,181,350,0.00,0.00,0,0
1423516225,s4-eth3,6372.00,270502.00,276874.00,270502,6372,96.00,181.00,277.00,181,96,0.00,0.00,0,0
1423516225,s4-eth2,6108.00,253726.00,259834.00,253726,6108,92.00,169.00,261.00,169,92,0.00,0.00,0,0
1423516225,s5-eth1,270502.00,6372.00,276874.00,6372,270502,181.00,96.00,277.00,96,181,0.00,0.00,0,0
1423516225,s5-eth2,6306.00,270502.00,276808.00,270502,6306,95.00,181.00,276.00,181,95,0.00,0.00,0,0
1423516225,total,3942690.00,3951994.00,7894684.00,3951994,3942690,3997.00,3987.00,7984.00,3987,3997,0.00,0.00,0,0
1423516226,s1-eth1,1252150.00,28846.00,1280996.00,28846,1252150,835.00,437.00,1272.00,437,835,0.00,0.00,0,0
1423516226,s1-eth3,23368.00,1036830.00,1060198.00,1036830,23368,354.00,689.00,1043.00,689,354,0.00,0.00,0,0
1423516226,s1-eth2,5618.00,237820.00,243438.00,237820,5618,85.00,158.00,243.00,158,85,0.00,0.00,0,0
1423516226,s2-eth1,1036830.00,23368.00,1060198.00,23368,1036830,689.00,354.00,1043.00,354,689,0.00,0.00,0,0
1423516226,s2-eth3,17230.00,767216.00,784446.00,767216,17230,261.00,510.00,771.00,510,261,0.00,0.00,0,0
1423516226,s2-eth2,6212.00,269614.00,275826.00,269614,6212,94.00,179.00,273.00,179,94,0.00,0.00,0,0
1423516226,s3-eth1,767216.00,17230.00,784446.00,17230,767216,510.00,261.00,771.00,261,510,0.00,0.00,0,0
1423516226,s3-eth3,11096.00,503588.00,514684.00,503588,11096,168.00,334.00,502.00,334,168,0.00,0.00,0,0
1423516226,s3-eth2,6274.00,280282.00,286556.00,280282,6274,95.00,187.00,282.00,187,95,0.00,0.00,0,0
1423516226,eth0,146.00,66.00,212.00,66,146,1.00,1.00,2.00,1,1,0.00,0.00,0,0
1423516226,lo,2680.00,2680.00,5360.00,2680,2680,30.00,30.00,60.00,30,30,0.00,0.00,0,0
1423516226,s4-eth1,503588.00,11096.00,514684.00,11096,503588,334.00,168.00,502.00,168,334,0.00,0.00,0,0
1423516226,s4-eth3,5750.00,253656.00,259406.00,253656,5750,87.00,168.00,255.00,168,87,0.00,0.00,0,0
1423516226,s4-eth2,5486.00,251446.00,256932.00,251446,5486,83.00,167.00,250.00,167,83,0.00,0.00,0,0
1423516226,s5-eth1,253656.00,5750.00,259406.00,5750,253656,168.00,87.00,255.00,87,168,0.00,0.00,0,0
1423516226,s5-eth2,5816.00,253656.00,259472.00,253656,5816,88.00,168.00,256.00,168,88,0.00,0.00,0,0
1423516226,total,3903116.00,3943144.00,7846260.00,3943144,3903116,3882.00,3898.00,7780.00,3898,3882,0.00,0.00,0,0
1423516227,s1-eth1,1248411.62,28747.25,1277158.88,28776,1249660,829.17,435.56,1264.74,436,830,0.00,0.00,0,0
1423516227,s1-eth3,23244.76,1084413.62,1107658.38,1085498,23268,353.65,724.28,1077.92,725,354,0.00,0.00,0,0
1423516227,s1-eth2,5838.16,261950.06,267788.22,262212,5844,89.91,177.82,267.73,178,90,0.00,0.00,0,0
1423516227,s2-eth1,1084413.62,23244.76,1107658.38,23268,1085498,724.28,353.65,1077.92,354,725,0.00,0.00,0,0
1423516227,s2-eth3,17772.46,833982.06,851754.50,835650,17808,271.46,559.88,831.34,561,272,0.00,0.00,0,0
1423516227,s2-eth2,5766.47,251111.78,256878.25,251614,5778,88.82,170.66,259.48,171,89,0.00,0.00,0,0
1423516227,s3-eth1,833982.06,17772.46,851754.50,17808,835650,559.88,271.46,831.34,272,561,0.00,0.00,0,0
1423516227,s3-eth3,11976.05,543752.50,555728.56,544840,12000,183.63,367.27,550.90,368,184,0.00,0.00,0,0
1423516227,s3-eth2,6029.94,273776.47,279806.41,274324,6042,92.81,185.63,278.44,186,93,0.00,0.00,0,0
1423516227,eth0,205.59,125.75,331.34,126,206,2.00,2.00,3.99,2,2,0.00,0.00,0,0
1423516227,lo,16063.87,16063.87,32127.75,16096,16096,147.70,147.70,295.41,148,148,0.00,0.00,0,0
1423516227,s4-eth1,543752.50,11976.05,555728.56,12000,544840,367.27,183.63,550.90,184,368,0.00,0.00,0,0
1423516227,s4-eth3,6227.54,273776.47,280004.00,274324,6240,95.81,185.63,281.44,186,96,0.00,0.00,0,0
1423516227,s4-eth2,5832.34,268548.91,274381.25,269086,5844,89.82,182.63,272.46,183,90,0.00,0.00,0,0
1423516227,s5-eth1,273776.47,6227.54,280004.00,6240,274324,185.63,95.81,281.44,96,186,0.00,0.00,0,0
1423516227,s5-eth2,6227.54,273776.47,280004.00,274324,6240,95.81,185.63,281.44,186,96,0.00,0.00,0,0
1423516227,total,4087163.75,4167850.50,8255014.00,4176186,4095338,4175.65,4227.55,8403.19,4236,4184,0.00,0.00,0,0
1423516228,s1-eth1,1250760.50,35201.60,1285962.12,35272,1253262,829.34,514.97,1344.31,516,831,0.00,0.00,0,0
1423516228,s1-eth3,30706.59,1111806.38,1142513.00,1114030,30768,455.09,737.52,1192.61,739,456,0.00,0.00,0,0
1423516228,s1-eth2,4495.01,78570.86,83065.87,78728,4504,59.88,51.90,111.78,52,60,0.00,0.00,0,0
1423516228,s2-eth1,1111806.38,30706.59,1142513.00,30768,1114030,737.52,455.09,1192.61,456,739,0.00,0.00,0,0
1423516228,s2-eth3,21594.00,814898.00,836492.00,814898,21594,317.00,541.00,858.00,541,317,0.00,0.00,0,0
1423516228,s2-eth2,9108.00,397542.00,406650.00,397542,9108,138.00,263.00,401.00,263,138,0.00,0.00,0,0
1423516228,s3-eth1,814898.00,21594.00,836492.00,21594,814898,541.00,317.00,858.00,317,541,0.00,0.00,0,0
1423516228,s3-eth3,14322.00,618774.00,633096.00,618774,14322,217.00,411.00,628.00,411,217,0.00,0.00,0,0
1423516228,s3-eth2,7272.00,197638.00,204910.00,197638,7272,100.00,131.00,231.00,131,100,0.00,0.00,0,0
1423516228,eth0,146.00,66.00,212.00,66,146,1.00,1.00,2.00,1,1,0.00,0.00,0,0
1423516228,lo,0.00,0.00,0.00,0,0,0.00,0.00,0.00,0,0,0.00,0.00,0,0
1423516228,s4-eth1,618774.00,14322.00,633096.00,14322,618774,411.00,217.00,628.00,217,411,0.00,0.00,0,0
1423516228,s4-eth3,6996.00,309796.00,316792.00,309796,6996,106.00,206.00,312.00,206,106,0.00,0.00,0,0
1423516228,s4-eth2,7326.00,310492.00,317818.00,310492,7326,111.00,206.00,317.00,206,111,0.00,0.00,0,0
1423516228,s5-eth1,309796.00,6996.00,316792.00,6996,309796,206.00,106.00,312.00,106,206,0.00,0.00,0,0
1423516228,s5-eth2,6996.00,309796.00,316792.00,309796,6996,106.00,206.00,312.00,206,106,0.00,0.00,0,0
1423516228,total,4219792.00,4260712.00,8480504.00,4260712,4219792,4340.00,4368.00,8708.00,4368,4340,0.00,0.00,0,0
1423516229,s1-eth1,1250482.00,29892.00,1280374.00,29892,1250482,831.00,452.00,1283.00,452,831,0.00,0.00,0,0
1423516229,s1-eth3,27658.00,1250426.00,1278084.00,1250426,27658,419.00,831.00,1250.00,831,419,0.00,0.00,0,0
1423516229,s1-eth2,2374.00,119676.00,122050.00,119676,2374,35.00,80.00,115.00,80,35,0.00,0.00,0,0
1423516229,s2-eth1,1250426.00,27658.00,1278084.00,27658,1250426,831.00,419.00,1250.00,419,831,0.00,0.00,0,0
1423516229,s2-eth3,19214.00,879444.00,898658.00,879444,19214,291.00,586.00,877.00,586,291,0.00,0.00,0,0
1423516229,s2-eth2,8790.00,379510.00,388300.00,379510,8790,133.00,253.00,386.00,253,133,0.00,0.00,0,0
1423516229,s3-eth1,879444.00,19214.00,898658.00,19214,879444,586.00,291.00,877.00,291,586,0.00,0.00,0,0
1423516229,s3-eth3,14858.00,680988.00,695846.00,680988,14858,225.00,454.00,679.00,454,225,0.00,0.00,0,0
1423516229,s3-eth2,4636.00,196942.00,201578.00,196942,4636,70.00,131.00,201.00,131,70,0.00,0.00,0,0
1423516229,eth0,206.00,268.00,474.00,268,206,2.00,3.00,5.00,3,2,0.00,0.00,0,0
1423516229,lo,4824.00,4824.00,9648.00,4824,4824,54.00,54.00,108.00,54,54,0.00,0.00,0,0
1423516229,s4-eth1,680988.00,14858.00,695846.00,14858,680988,454.00,225.00,679.00,225,454,0.00,0.00,0,0
1423516229,s4-eth3,7338.00,313590.00,320928.00,313590,7338,111.00,209.00,320.00,209,111,0.00,0.00,0,0
1423516229,s4-eth2,7800.00,365884.00,373684.00,365884,7800,118.00,244.00,362.00,244,118,0.00,0.00,0,0
1423516229,s5-eth1,313590.00,7338.00,320928.00,7338,313590,209.00,111.00,320.00,111,209,0.00,0.00,0,0
1423516229,s5-eth2,7338.00,313590.00,320928.00,313590,7338,111.00,209.00,320.00,209,111,0.00,0.00,0,0
1423516229,total,4479966.00,4604102.00,9084068.00,4604102,4479966,4480.00,4552.00,9032.00,4552,4480,0.00,0.00,0,0
1423516230,s1-eth1,1251352.00,49876.00,1301228.00,49876,1251352,834.00,636.00,1470.00,636,834,0.00,0.00,0,0
1423516230,s1-eth3,45998.00,1133834.00,1179832.00,1133834,45998,593.00,755.00,1348.00,755,593,0.00,0.00,0,0
1423516230,s1-eth2,4182.00,81756.00,85938.00,81756,4182,47.00,54.00,101.00,54,47,0.00,0.00,0,0
1423516230,s2-eth1,1133834.00,45998.00,1179832.00,45998,1133834,755.00,593.00,1348.00,593,755,0.00,0.00,0,0
1423516230,s2-eth3,30378.00,727002.00,757380.00,727002,30378,397.00,483.00,880.00,483,397,0.00,0.00,0,0
1423516230,s2-eth2,15850.00,419500.00,435350.00,419500,15850,199.00,278.00,477.00,278,199,0.00,0.00,0,0
1423516230,s3-eth1,727002.00,30378.00,757380.00,30378,727002,483.00,397.00,880.00,397,483,0.00,0.00,0,0
1423516230,s3-eth3,23018.00,527084.00,550102.00,527084,23018,297.00,350.00,647.00,350,297,0.00,0.00,0,0
1423516230,s3-eth2,7590.00,199918.00,207508.00,199918,7590,103.00,133.00,236.00,133,103,0.00,0.00,0,0
1423516230,eth0,146.00,66.00,212.00,66,146,1.00,1.00,2.00,1,1,0.00,0.00,0,0
1423516230,lo,4656.00,4656.00,9312.00,4656,4656,51.00,51.00,102.00,51,51,0.00,0.00,0,0
1423516230,s4-eth1,527084.00,23018.00,550102.00,23018,527084,350.00,297.00,647.00,297,350,0.00,0.00,0,0
1423516230,s4-eth3,12486.00,306040.00,318526.00,306040,12486,163.00,204.00,367.00,204,163,0.00,0.00,0,0
1423516230,s4-eth2,10762.00,221044.00,231806.00,221044,10762,137.00,146.00,283.00,146,137,0.00,0.00,0,0
1423516230,s5-eth1,306040.00,12486.00,318526.00,12486,306040,204.00,163.00,367.00,163,204,0.00,0.00,0,0
1423516230,s5-eth2,12486.00,306040.00,318526.00,306040,12486,163.00,204.00,367.00,204,163,0.00,0.00,0,0
1423516230,total,4112864.00,4088696.00,8201560.00,4088696,4112864,4777.00,4745.00,9522.00,4745,4777,0.00,0.00,0,0
1423516231,s1-eth1,1250564.00,28360.00,1278924.00,28360,1250564,826.00,426.00,1252.00,426,826,0.00,0.00,0,0
1423516231,s1-eth3,26334.00,1250564.00,1276898.00,1250564,26334,399.00,826.00,1225.00,826,399,0.00,0.00,0,0
1423516231,s1-eth2,2092.00,102952.00,105044.00,102952,2092,28.00,68.00,96.00,68,28,0.00,0.00,0,0
1423516231,s2-eth1,1250564.00,26334.00,1276898.00,26334,1250564,826.00,399.00,1225.00,399,826,0.00,0.00,0,0
1423516231,s2-eth3,18150.00,844812.00,862962.00,844812,18150,275.00,558.00,833.00,558,275,0.00,0.00,0,0
1423516231,s2-eth2,8118.00,389098.00,397216.00,389098,8118,123.00,257.00,380.00,257,123,0.00,0.00,0,0
1423516231,s3-eth1,844812.00,18150.00,862962.00,18150,844812,558.00,275.00,833.00,275,558,0.00,0.00,0,0
1423516231,s3-eth3,13992.00,666160.00,680152.00,666160,13992,212.00,440.00,652.00,440,212,0.00,0.00,0,0
1423516231,s3-eth2,4158.00,187736.00,191894.00,187736,4158,63.00,124.00,187.00,124,63,0.00,0.00,0,0
1423516231,eth0,206.00,126.00,332.00,126,206,2.00,2.00,4.00,2,2,0.00,0.00,0,0
1423516231,lo,0.00,0.00,0.00,0,0,0.00,0.00,0.00,0,0,0.00,0.00,0,0
1423516231,s4-eth1,666160.00,13992.00,680152.00,13992,666160,440.00,212.00,652.00,212,440,0.00,0.00,0,0
1423516231,s4-eth3,7326.00,346706.00,354032.00,346706,7326,111.00,229.00,340.00,229,111,0.00,0.00,0,0
1423516231,s4-eth2,6666.00,320968.00,327634.00,320968,6666,101.00,212.00,313.00,212,101,0.00,0.00,0,0
1423516231,s5-eth1,346706.00,7326.00,354032.00,7326,346706,229.00,111.00,340.00,111,229,0.00,0.00,0,0
1423516231,s5-eth2,7260.00,348220.00,355480.00,348220,7260,110.00,230.00,340.00,230,110,0.00,0.00,0,0
1423516231,total,4453108.00,4551504.00,9004612.00,4551504,4453108,4303.00,4369.00,8672.00,4369,4303,0.00,0.00,0,0
1423516232,s1-eth1,1252078.00,27720.00,1279798.00,27720,1252078,827.00,420.00,1247.00,420,827,0.00,0.00,0,0
1423516232,s1-eth3,27324.00,1251494.00,1278818.00,1251494,27324,414.00,827.00,1241.00,827,414,0.00,0.00,0,0
1423516232,s1-eth2,396.00,19682.00,20078.00,19682,396,6.00,13.00,19.00,13,6,0.00,0.00,0,0
1423516232,s2-eth1,1251494.00,27324.00,1278818.00,27324,1251494,827.00,414.00,1241.00,414,827,0.00,0.00,0,0
1423516232,s2-eth3,18546.00,832116.00,850662.00,832116,18546,281.00,550.00,831.00,550,281,0.00,0.00,0,0
1423516232,s2-eth2,8778.00,392126.00,400904.00,392126,8778,133.00,259.00,392.00,259,133,0.00,0.00,0,0
1423516232,s3-eth1,832116.00,18546.00,850662.00,18546,832116,550.00,281.00,831.00,281,550,0.00,0.00,0,0
1423516232,s3-eth3,14322.00,635296.00,649618.00,635296,14322,217.00,420.00,637.00,420,217,0.00,0.00,0,0
1423516232,s3-eth2,4224.00,187736.00,191960.00,187736,4224,64.00,124.00,188.00,124,64,0.00,0.00,0,0
1423516232,eth0,146.00,380.00,526.00,380,146,1.00,3.00,4.00,3,1,0.00,0.00,0,0
1423516232,lo,0.00,0.00,0.00,0,0,0.00,0.00,0.00,0,0,0.00,0.00,0,0
1423516232,s4-eth1,635296.00,14322.00,649618.00,14322,635296,420.00,217.00,637.00,217,420,0.00,0.00,0,0
1423516232,s4-eth3,7458.00,327954.00,335412.00,327954,7458,113.00,217.00,330.00,217,113,0.00,0.00,0,0
1423516232,s4-eth2,6798.00,305828.00,312626.00,305828,6798,103.00,202.00,305.00,202,103,0.00,0.00,0,0
1423516232,s5-eth1,327954.00,7458.00,335412.00,7458,327954,217.00,113.00,330.00,113,217,0.00,0.00,0,0
1423516232,s5-eth2,7524.00,326440.00,333964.00,326440,7524,114.00,216.00,330.00,216,114,0.00,0.00,0,0
1423516232,total,4394454.00,4374422.00,8768876.00,4374422,4394454,4287.00,4276.00,8563.00,4276,4287,0.00,0.00,0,0
1423516233,s1-eth1,1250438.00,31770.00,1282208.00,31770,1250438,827.00,465.00,1292.00,465,827,0.00,0.00,0,0
1423516233,s1-eth3,31548.00,1238910.00,1270458.00,1238910,31548,462.00,819.00,1281.00,819,462,0.00,0.00,0,0
1423516233,s1-eth2,222.00,9084.00,9306.00,9084,222,3.00,6.00,9.00,6,3,0.00,0.00,0,0
1423516233,s2-eth1,1238910.00,31548.00,1270458.00,31548,1238910,819.00,462.00,1281.00,462,819,0.00,0.00,0,0
1423516233,s2-eth3,22506.00,832172.00,854678.00,832172,22506,325.00,550.00,875.00,550,325,0.00,0.00,0,0
1423516233,s2-eth2,9042.00,423392.00,432434.00,423392,9042,137.00,280.00,417.00,280,137,0.00,0.00,0,0
1423516233,s3-eth1,832172.00,22506.00,854678.00,22506,832172,550.00,325.00,875.00,325,550,0.00,0.00,0,0
1423516233,s3-eth3,17688.00,621726.00,639414.00,621726,17688,252.00,411.00,663.00,411,252,0.00,0.00,0,0
1423516233,s3-eth2,4818.00,210446.00,215264.00,210446,4818,73.00,139.00,212.00,139,73,0.00,0.00,0,0
1423516233,eth0,206.00,126.00,332.00,126,206,2.00,2.00,4.00,2,2,0.00,0.00,0,0
1423516233,lo,0.00,0.00,0.00,0,0,0.00,0.00,0.00,0,0,0.00,0.00,0,0
1423516233,s4-eth1,621726.00,17688.00,639414.00,17688,621726,411.00,252.00,663.00,252,411,0.00,0.00,0,0
1423516233,s4-eth3,10362.00,278576.00,288938.00,278576,10362,141.00,184.00,325.00,184,141,0.00,0.00,0,0
1423516233,s4-eth2,7392.00,346178.00,353570.00,346178,7392,112.00,229.00,341.00,229,112,0.00,0.00,0,0
1423516233,s5-eth1,278576.00,10362.00,288938.00,10362,278576,184.00,141.00,325.00,141,184,0.00,0.00,0,0
1423516233,s5-eth2,10362.00,278576.00,288938.00,278576,10362,141.00,184.00,325.00,184,141,0.00,0.00,0,0
1423516233,total,4335968.00,4353060.00,8689028.00,4353060,4335968,4439.00,4449.00,8888.00,4449,4439,0.00,0.00,0,0
1423516234,s1-eth1,1250102.00,31140.00,1281242.00,31140,1250102,827.00,458.00,1285.00,458,827,0.00,0.00,0,0
1423516234,s1-eth3,30606.00,1250102.00,1280708.00,1250102,30606,451.00,827.00,1278.00,827,451,0.00,0.00,0,0
1423516234,s1-eth2,468.00,19682.00,20150.00,19682,468,6.00,13.00,19.00,13,6,0.00,0.00,0,0
1423516234,s2-eth1,1250102.00,30606.00,1280708.00,30606,1250102,827.00,451.00,1278.00,451,827,0.00,0.00,0,0
1423516234,s2-eth3,19404.00,875966.00,895370.00,875966,19404,294.00,579.00,873.00,579,294,0.00,0.00,0,0
1423516234,s2-eth2,11268.00,302978.00,314246.00,302978,11268,158.00,201.00,359.00,201,158,0.00,0.00,0,0
1423516234,s3-eth1,875966.00,19404.00,895370.00,19404,875966,579.00,294.00,873.00,294,579,0.00,0.00,0,0
1423516234,s3-eth3,14454.00,656436.00,670890.00,656436,14454,219.00,434.00,653.00,434,219,0.00,0.00,0,0
1423516234,s3-eth2,4884.00,219530.00,224414.00,219530,4884,74.00,145.00,219.00,145,74,0.00,0.00,0,0
1423516234,eth0,146.00,66.00,212.00,66,146,1.00,1.00,2.00,1,1,0.00,0.00,0,0
1423516234,lo,0.00,0.00,0.00,0,0,0.00,0.00,0.00,0,0,0.00,0.00,0,0
1423516234,s4-eth1,656436.00,14454.00,670890.00,14454,656436,434.00,219.00,653.00,219,434,0.00,0.00,0,0
1423516234,s4-eth3,7326.00,336108.00,343434.00,336108,7326,111.00,222.00,333.00,222,111,0.00,0.00,0,0
1423516234,s4-eth2,7120.88,316983.03,324103.91,317300,7128,107.89,209.79,317.68,210,108,0.00,0.00,0,0
1423516234,s5-eth1,335772.25,7318.68,343090.91,7326,336108,221.78,110.89,332.67,111,222,0.00,0.00,0,0
1423516234,s5-eth2,7252.75,335772.25,343024.97,336108,7260,109.89,221.78,331.67,222,110,0.00,0.00,0,0
1423516234,total,4467191.00,4412793.50,8879984.00,4417206,4471658,4416.58,4382.62,8799.20,4387,4421,0.00,0.00,0,0
1423516235,s1-eth1,1250827.25,34081.92,1284909.12,34116,1252078,826.17,495.50,1321.68,496,827,0.00,0.00,0,0
1423516235,s1-eth3,32745.26,1226627.38,1259372.62,1227854,32778,478.52,810.19,1288.71,811,479,0.00,0.00,0,0
1423516235,s1-eth2,1402.60,37812.19,39214.79,37850,1404,17.98,24.98,42.96,25,18,0.00,0.00,0,0
1423516235,s2-eth1,1226627.38,32745.26,1259372.62,32778,1227854,810.19,478.52,1288.71,479,811,0.00,0.00,0,0
1423516235,s2-eth3,21098.90,817784.25,838883.12,818602,21120,307.69,540.46,848.15,541,308,0.00,0.00,0,0
1423516235,s2-eth2,11580.42,452233.78,463814.19,452686,11592,169.83,298.70,468.53,299,170,0.00,0.00,0,0
1423516235,s3-eth1,817784.25,21098.90,838883.12,21120,818602,540.46,307.69,848.15,308,541,0.00,0.00,0,0
1423516235,s3-eth3,16219.78,585332.69,601552.44,585918,16236,233.77,386.61,620.38,387,234,0.00,0.00,0,0
1423516235,s3-eth2,4945.06,232451.56,237396.61,232684,4950,74.93,153.85,228.77,154,75,0.00,0.00,0,0
1423516235,eth0,205.79,125.87,331.67,126,206,2.00,2.00,4.00,2,2,0.00,0.00,0,0
1423516235,lo,859.14,859.14,1718.28,860,860,14.99,14.99,29.97,15,15,0.00,0.00,0,0
1423516235,s4-eth1,585332.69,16219.78,601552.44,16236,585918,386.61,233.77,620.38,234,387,0.00,0.00,0,0
1423516235,s4-eth3,7846.15,362997.00,370843.16,363360,7854,118.88,239.76,358.64,240,119,0.00,0.00,0,0
1423516235,s4-eth2,8382.00,222558.00,230940.00,222558,8382,115.00,147.00,262.00,147,115,0.00,0.00,0,0
1423516235,s5-eth1,363360.00,7854.00,371214.00,7854,363360,240.00,119.00,359.00,119,240,0.00,0.00,0,0
1423516235,s5-eth2,7920.00,363360.00,371280.00,363360,7920,120.00,240.00,360.00,240,120,0.00,0.00,0,0
1423516235,total,4361114.00,4417962.00,8779076.00,4417962,4361114,4461.00,4497.00,8958.00,4497,4461,0.00,0.00,0,0
1423516236,s1-eth1,1251134.00,37290.00,1288424.00,37290,1251134,827.00,531.00,1358.00,531,827,0.00,0.00,0,0
1423516236,s1-eth3,36762.00,1169378.00,1206140.00,1169378,36762,525.00,773.00,1298.00,773,525,0.00,0.00,0,0
1423516236,s1-eth2,462.00,10598.00,11060.00,10598,462,5.00,7.00,12.00,7,5,0.00,0.00,0,0
1423516236,s2-eth1,1169378.00,36762.00,1206140.00,36762,1169378,773.00,525.00,1298.00,525,773,0.00,0.00,0,0
1423516236,s2-eth3,23844.00,798920.00,822764.00,798920,23844,344.00,528.00,872.00,528,344,0.00,0.00,0,0
1423516236,s2-eth2,12984.00,375472.00,388456.00,375472,12984,182.00,248.00,430.00,248,182,0.00,0.00,0,0
1423516236,s3-eth1,798920.00,23844.00,822764.00,23844,798920,528.00,344.00,872.00,344,528,0.00,0.00,0,0
1423516236,s3-eth3,17874.00,661146.00,679020.00,661146,17874,261.00,437.00,698.00,437,261,0.00,0.00,0,0
1423516236,s3-eth2,5970.00,137774.00,143744.00,137774,5970,83.00,91.00,174.00,91,83,0.00,0.00,0,0
1423516236,eth0,206.00,126.00,332.00,126,206,2.00,2.00,4.00,2,2,0.00,0.00,0,0
1423516236,lo,0.00,0.00,0.00,0,0,0.00,0.00,0.00,0,0,0.00,0.00,0,0
1423516236,s4-eth1,661146.00,17874.00,679020.00,17874,661146,437.00,261.00,698.00,261,437,0.00,0.00,0,0
1423516236,s4-eth3,9174.00,414364.00,423538.00,414364,9174,139.00,274.00,413.00,274,139,0.00,0.00,0,0
1423516236,s4-eth2,8700.00,246782.00,255482.00,246782,8700,122.00,163.00,285.00,163,122,0.00,0.00,0,0
1423516236,s5-eth1,414364.00,9174.00,423538.00,9174,414364,274.00,139.00,413.00,139,274,0.00,0.00,0,0
1423516236,s5-eth2,9174.00,414364.00,423538.00,414364,9174,139.00,274.00,413.00,274,139,0.00,0.00,0,0
1423516236,total,4420092.00,4353868.00,8773960.00,4353868,4420092,4641.00,4597.00,9238.00,4597,4641,0.00,0.00,0,0
1423516237,s1-eth1,1251438.00,28324.00,1279762.00,28324,1251438,827.00,428.00,1255.00,428,827,0.00,0.00,0,0
1423516237,s1-eth3,26796.00,1251438.00,1278234.00,1251438,26796,406.00,827.00,1233.00,827,406,0.00,0.00,0,0
1423516237,s1-eth2,1594.00,49962.00,51556.00,49962,1594,23.00,33.00,56.00,33,23,0.00,0.00,0,0
1423516237,s2-eth1,1251438.00,26796.00,1278234.00,26796,1251438,827.00,406.00,1233.00,406,827,0.00,0.00,0,0
1423516237,s2-eth3,19074.00,874452.00,893526.00,874452,19074,289.00,578.00,867.00,578,289,0.00,0.00,0,0
1423516237,s2-eth2,7656.00,360332.00,367988.00,360332,7656,116.00,238.00,354.00,238,116,0.00,0.00,0,0
1423516237,s3-eth1,874452.00,19074.00,893526.00,19074,874452,578.00,289.00,867.00,289,578,0.00,0.00,0,0
1423516237,s3-eth3,14322.00,650380.00,664702.00,650380,14322,217.00,430.00,647.00,430,217,0.00,0.00,0,0
1423516237,s3-eth2,4752.00,224072.00,228824.00,224072,4752,72.00,148.00,220.00,148,72,0.00,0.00,0,0
1423516237,eth0,146.00,66.00,212.00,66,146,1.00,1.00,2.00,1,1,0.00,0.00,0,0
1423516237,lo,0.00,0.00,0.00,0,0,0.00,0.00,0.00,0,0,0.00,0.00,0,0
1423516237,s4-eth1,650380.00,14322.00,664702.00,14322,650380,430.00,217.00,647.00,217,430,0.00,0.00,0,0
1423516237,s4-eth3,9108.00,414196.00,423304.00,414196,9108,138.00,274.00,412.00,274,138,0.00,0.00,0,0
1423516237,s4-eth2,5214.00,236184.00,241398.00,236184,5214,79.00,156.00,235.00,156,79,0.00,0.00,0,0
1423516237,s5-eth1,414196.00,9108.00,423304.00,9108,414196,274.00,138.00,412.00,138,274,0.00,0.00,0,0
1423516237,s5-eth2,9108.00,414196.00,423304.00,414196,9108,138.00,274.00,412.00,274,138,0.00,0.00,0,0
1423516237,total,4539674.00,4572902.00,9112576.00,4572902,4539674,4415.00,4437.00,8852.00,4437,4415,0.00,0.00,0,0
1423516238,s1-eth1,1249924.00,31308.00,1281232.00,31308,1249924,826.00,460.00,1286.00,460,826,0.00,0.00,0,0
1423516238,s1-eth3,30306.00,1184126.00,1214432.00,1184126,30306,445.00,783.00,1228.00,783,445,0.00,0.00,0,0
1423516238,s1-eth2,1002.00,40878.00,41880.00,40878,1002,15.00,27.00,42.00,27,15,0.00,0.00,0,0
1423516238,s2-eth1,1184126.00,30306.00,1214432.00,30306,1184126,783.00,445.00,1228.00,445,783,0.00,0.00,0,0
1423516238,s2-eth3,22122.00,788972.00,811094.00,788972,22122,321.00,522.00,843.00,522,321,0.00,0.00,0,0
1423516238,s2-eth2,8184.00,373958.00,382142.00,373958,8184,124.00,247.00,371.00,247,124,0.00,0.00,0,0
1423516238,s3-eth1,788972.00,22122.00,811094.00,22122,788972,522.00,321.00,843.00,321,522,0.00,0.00,0,0
1423516238,s3-eth3,16518.00,552788.00,569306.00,552788,16518,237.00,366.00,603.00,366,237,0.00,0.00,0,0
1423516238,s3-eth2,5604.00,239212.00,244816.00,239212,5604,84.00,158.00,242.00,158,84,0.00,0.00,0,0
1423516238,eth0,206.00,268.00,474.00,268,206,2.00,3.00,5.00,3,2,0.00,0.00,0,0
1423516238,lo,0.00,0.00,0.00,0,0,0.00,0.00,0.00,0,0,0.00,0.00,0,0
1423516238,s4-eth1,552788.00,16518.00,569306.00,16518,552788,366.00,237.00,603.00,237,366,0.00,0.00,0,0
1423516238,s4-eth3,11238.00,327202.00,338440.00,327202,11238,157.00,217.00,374.00,217,157,0.00,0.00,0,0
1423516238,s4-eth2,5214.00,236184.00,241398.00,236184,5214,79.00,156.00,235.00,156,79,0.00,0.00,0,0
1423516238,s5-eth1,327202.00,11238.00,338440.00,11238,327202,217.00,157.00,374.00,157,217,0.00,0.00,0,0
1423516238,s5-eth2,11238.00,328716.00,339954.00,328716,11238,157.00,218.00,375.00,218,157,0.00,0.00,0,0
1423516238,total,4214644.00,4183796.00,8398440.00,4183796,4214644,4335.00,4317.00,8652.00,4317,4335,0.00,0.00,0,0
1423516239,s1-eth1,1251382.00,30900.00,1282282.00,30900,1251382,827.00,460.00,1287.00,460,827,0.00,0.00,0,0
1423516239,s1-eth3,29196.00,1250564.00,1279760.00,1250564,29196,436.00,826.00,1262.00,826,436,0.00,0.00,0,0
1423516239,s1-eth2,1704.00,46934.00,48638.00,46934,1704,24.00,31.00,55.00,31,24,0.00,0.00,0,0
1423516239,s2-eth1,1250564.00,29196.00,1279760.00,29196,1250564,826.00,436.00,1262.00,436,826,0.00,0.00,0,0
1423516239,s2-eth3,20022.00,825130.00,845152.00,825130,20022,297.00,545.00,842.00,545,297,0.00,0.00,0,0
1423516239,s2-eth2,9240.00,423920.00,433160.00,423920,9240,140.00,280.00,420.00,280,140,0.00,0.00,0,0
1423516239,s3-eth1,825130.00,20022.00,845152.00,20022,825130,545.00,297.00,842.00,297,545,0.00,0.00,0,0
1423516239,s3-eth3,13662.00,634366.00,648028.00,634366,13662,207.00,419.00,626.00,419,207,0.00,0.00,0,0
1423516239,s3-eth2,6360.00,187736.00,194096.00,187736,6360,90.00,124.00,214.00,124,90,0.00,0.00,0,0
1423516239,eth0,206.00,126.00,332.00,126,206,2.00,2.00,4.00,2,2,0.00,0.00,0,0
1423516239,lo,0.00,0.00,0.00,0,0,0.00,0.00,0.00,0,0,0.00,0.00,0,0
1423516239,s4-eth1,634366.00,13662.00,648028.00,13662,634366,419.00,207.00,626.00,207,419,0.00,0.00,0,0
1423516239,s4-eth3,7590.00,355790.00,363380.00,355790,7590,115.00,235.00,350.00,235,115,0.00,0.00,0,0
1423516239,s4-eth2,6072.00,271006.00,277078.00,271006,6072,92.00,179.00,271.00,179,92,0.00,0.00,0,0
1423516239,s5-eth1,355790.00,7590.00,363380.00,7590,355790,235.00,115.00,350.00,115,235,0.00,0.00,0,0
1423516239,s5-eth2,7590.00,354276.00,361866.00,354276,7590,115.00,234.00,349.00,234,115,0.00,0.00,0,0
1423516239,total,4418874.00,4451218.00,8870092.00,4451218,4418874,4370.00,4390.00,8760.00,4390,4370,0.00,0.00,0,0
1423516240,s1-eth1,1250564.00,29328.00,1279892.00,29328,1250564,826.00,438.00,1264.00,438,826,0.00,0.00,0,0
1423516240,s1-eth3,28392.00,1249980.00,1278372.00,1249980,28392,424.00,826.00,1250.00,826,424,0.00,0.00,0,0
1423516240,s1-eth2,870.00,34822.00,35692.00,34822,870,13.00,23.00,36.00,23,13,0.00,0.00,0,0
1423516240,s2-eth1,1249980.00,28392.00,1278372.00,28392,1249980,826.00,424.00,1250.00,424,826,0.00,0.00,0,0
1423516240,s2-eth3,19680.00,826060.00,845740.00,826060,19680,292.00,546.00,838.00,546,292,0.00,0.00,0,0
1423516240,s2-eth2,8703.30,400809.19,409512.50,401210,8712,131.87,264.74,396.60,265,132,0.00,0.00,0,0
1423516240,s3-eth1,825234.81,19660.34,844895.12,19680,826060,545.45,291.71,837.16,292,546,0.00,0.00,0,0
1423516240,s3-eth3,15110.89,619536.50,634647.38,620156,15126,222.78,409.59,632.37,410,223,0.00,0.00,0,0
1423516240,s3-eth2,4549.45,205698.31,210247.77,205904,4554,68.93,135.86,204.80,136,69,0.00,0.00,0,0
1423516240,eth0,145.85,65.93,211.79,66,146,1.00,1.00,2.00,1,1,0.00,0.00,0,0
1423516240,lo,859.14,859.14,1718.28,860,860,14.99,14.99,29.97,15,15,0.00,0.00,0,0
1423516240,s4-eth1,619536.50,15110.89,634647.38,15126,620156,409.59,222.78,632.37,223,410,0.00,0.00,0,0
1423516240,s4-eth3,9374.63,348801.22,358175.84,349150,9384,135.86,230.77,366.63,231,136,0.00,0.00,0,0
1423516240,s4-eth2,5802.20,267710.31,273512.50,267978,5808,87.91,176.82,264.74,177,88,0.00,0.00,0,0
1423516240,s5-eth1,348801.22,9374.63,358175.84,9384,349150,230.77,135.86,366.63,136,231,0.00,0.00,0,0
1423516240,s5-eth2,9296.70,348801.22,358097.91,349150,9306,134.87,230.77,365.63,231,135,0.00,0.00,0,0
1423516240,total,4394354.00,4402843.50,8797197.00,4407246,4398748,4362.64,4369.63,8732.27,4374,4367,0.00,0.00,0,0
1423516241,s1-eth1,1251756.25,33660.34,1285416.62,33694,1253008,827.17,486.51,1313.69,487,828,0.00,0.00,0,0
1423516241,s1-eth3,33124.88,1211502.50,1244627.38,1212714,33158,480.52,800.20,1280.72,801,481,0.00,0.00,0,0
1423516241,s1-eth2,601.40,13612.39,14213.79,13626,602,6.99,8.99,15.98,9,7,0.00,0.00,0,0
1423516241,s2-eth1,1211502.50,33124.88,1244627.38,33158,1212714,800.20,480.52,1280.72,481,801,0.00,0.00,0,0
1423516241,s2-eth3,23036.96,760781.25,783818.19,761542,23060,327.67,502.50,830.17,503,328,0.00,0.00,0,0
1423516241,s2-eth2,10032.00,461770.00,471802.00,461770,10032,152.00,305.00,457.00,305,152,0.00,0.00,0,0
1423516241,s3-eth1,761542.00,23060.00,784602.00,23060,761542,503.00,328.00,831.00,328,503,0.00,0.00,0,0
1423516241,s3-eth3,18308.00,548068.00,566376.00,548068,18308,256.00,362.00,618.00,362,256,0.00,0.00,0,0
1423516241,s3-eth2,4752.00,213474.00,218226.00,213474,4752,72.00,141.00,213.00,141,72,0.00,0.00,0,0
1423516241,eth0,206.00,126.00,332.00,126,206,2.00,2.00,4.00,2,2,0.00,0.00,0,0
1423516241,lo,0.00,0.00,0.00,0,0,0.00,0.00,0.00,0,0,0.00,0.00,0,0
1423516241,s4-eth1,548068.00,18308.00,566376.00,18308,548068,362.00,256.00,618.00,256,362,0.00,0.00,0,0
1423516241,s4-eth3,10340.00,323996.00,334336.00,323996,10340,144.00,214.00,358.00,214,144,0.00,0.00,0,0
1423516241,s4-eth2,7960.04,228385.62,236345.66,228614,7968,111.89,150.85,262.74,151,112,0.00,0.00,0,0
1423516241,s5-eth1,323672.34,10329.67,334002.00,10340,323996,213.79,143.86,357.64,144,214,0.00,0.00,0,0
1423516241,s5-eth2,10407.59,323672.34,334079.94,323996,10418,144.86,213.79,358.64,214,145,0.00,0.00,0,0
1423516241,total,4213958.00,4202284.00,8416242.00,4206486,4218172,4402.60,4393.61,8796.20,4398,4407,0.00,0.00,0,0
1423516242,s1-eth1,1250827.25,28329.67,1279156.88,28358,1252078,826.17,428.57,1254.75,429,827,0.00,0.00,0,0
1423516242,s1-eth3,26835.17,1249314.75,1276149.88,1250564,26862,406.59,825.17,1231.77,826,407,0.00,0.00,0,0
1423516242,s1-eth2,1494.51,40837.16,42331.67,40878,1496,21.98,26.97,48.95,27,22,0.00,0.00,0,0
1423516242,s2-eth1,1249314.75,26835.17,1276149.88,26862,1250564,825.17,406.59,1231.77,407,826,0.00,0.00,0,0
1423516242,s2-eth3,17274.73,798593.44,815868.12,799392,17292,261.74,527.47,789.21,528,262,0.00,0.00,0,0
1423516242,s2-eth2,9560.44,452233.78,461794.22,452686,9570,144.86,298.70,443.56,299,145,0.00,0.00,0,0
1423516242,s3-eth1,798593.44,17274.73,815868.12,17292,799392,527.47,261.74,789.21,262,528,0.00,0.00,0,0
1423516242,s3-eth3,12593.41,592895.12,605488.50,593488,12606,190.81,391.61,582.42,392,191,0.00,0.00,0,0
1423516242,s3-eth2,4681.32,210235.77,214917.09,210446,4686,70.93,138.86,209.79,139,71,0.00,0.00,0,0
1423516242,eth0,205.79,125.87,331.67,126,206,2.00,2.00,4.00,2,2,0.00,0.00,0,0
1423516242,lo,0.00,0.00,0.00,0,0,0.00,0.00,0.00,0,0,0.00,0.00,0,0
1423516242,s4-eth1,592895.12,12593.41,605488.50,12606,593488,391.61,190.81,582.42,191,392,0.00,0.00,0,0
1423516242,s4-eth3,7318.68,341822.19,349140.88,342164,7326,110.89,225.77,336.66,226,111,0.00,0.00,0,0
1423516242,s4-eth2,5280.00,246782.00,252062.00,246782,5280,80.00,163.00,243.00,163,80,0.00,0.00,0,0
1423516242,s5-eth1,342164.00,7326.00,349490.00,7326,342164,226.00,111.00,337.00,111,226,0.00,0.00,0,0
1423516242,s5-eth2,7326.00,342164.00,349490.00,342164,7326,111.00,226.00,337.00,226,111,0.00,0.00,0,0
1423516242,total,4330336.00,4371134.00,8701470.00,4371134,4330336,4201.00,4228.00,8429.00,4228,4201,0.00,0.00,0,0
1423516243,s1-eth1,1250662.00,32534.00,1283196.00,32534,1250662,827.00,471.00,1298.00,471,827,0.00,0.00,0,0
1423516243,s1-eth3,32468.00,1211298.00,1243766.00,1211298,32468,470.00,801.00,1271.00,801,470,0.00,0.00,0,0
1423516243,s1-eth2,66.00,6056.00,6122.00,6056,66,1.00,4.00,5.00,4,1,0.00,0.00,0,0
1423516243,s2-eth1,1211298.00,32468.00,1243766.00,32468,1211298,801.00,470.00,1271.00,470,801,0.00,0.00,0,0
1423516243,s2-eth3,18414.00,846326.00,864740.00,846326,18414,279.00,559.00,838.00,559,279,0.00,0.00,0,0
1423516243,s2-eth2,14054.00,383140.00,397194.00,383140,14054,191.00,254.00,445.00,254,191,0.00,0.00,0,0
1423516243,s3-eth1,846326.00,18414.00,864740.00,18414,846326,559.00,279.00,838.00,279,559,0.00,0.00,0,0
1423516243,s3-eth3,13596.00,623768.00,637364.00,623768,13596,206.00,412.00,618.00,412,206,0.00,0.00,0,0
1423516243,s3-eth2,4818.00,224072.00,228890.00,224072,4818,73.00,148.00,221.00,148,73,0.00,0.00,0,0
1423516243,eth0,206.00,126.00,332.00,126,206,2.00,2.00,4.00,2,2,0.00,0.00,0,0
1423516243,lo,0.00,0.00,0.00,0,0,0.00,0.00,0.00,0,0,0.00,0.00,0,0
1423516243,s4-eth1,623768.00,13596.00,637364.00,13596,623768,412.00,206.00,618.00,206,412,0.00,0.00,0,0
1423516243,s4-eth3,7524.00,345192.00,352716.00,345192,7524,114.00,228.00,342.00,228,114,0.00,0.00,0,0
1423516243,s4-eth2,6072.00,278576.00,284648.00,278576,6072,92.00,184.00,276.00,184,92,0.00,0.00,0,0
1423516243,s5-eth1,345192.00,7524.00,352716.00,7524,345192,228.00,114.00,342.00,114,228,0.00,0.00,0,0
1423516243,s5-eth2,7524.00,345192.00,352716.00,345192,7524,114.00,228.00,342.00,228,114,0.00,0.00,0,0
1423516243,total,4381988.00,4368282.00,8750270.00,4368282,4381988,4369.00,4360.00,8729.00,4360,4369,0.00,0.00,0,0
1423516244,s1-eth1,1250564.00,28740.00,1279304.00,28740,1250564,826.00,434.00,1260.00,434,826,0.00,0.00,0,0
1423516244,s1-eth3,28050.00,1250564.00,1278614.00,1250564,28050,425.00,826.00,1251.00,826,425,0.00,0.00,0,0
1423516244,s1-eth2,690.00,16654.00,17344.00,16654,690,9.00,11.00,20.00,11,9,0.00,0.00,0,0
1423516244,s2-eth1,1250564.00,28050.00,1278614.00,28050,1250564,826.00,425.00,1251.00,425,826,0.00,0.00,0,0
1423516244,s2-eth3,18810.00,852382.00,871192.00,852382,18810,285.00,563.00,848.00,563,285,0.00,0.00,0,0
1423516244,s2-eth2,9240.00,414836.00,424076.00,414836,9240,140.00,274.00,414.00,274,140,0.00,0.00,0,0
1423516244,s3-eth1,852382.00,18810.00,871192.00,18810,852382,563.00,285.00,848.00,285,563,0.00,0.00,0,0
1423516244,s3-eth3,13728.00,626796.00,640524.00,626796,13728,208.00,414.00,622.00,414,208,0.00,0.00,0,0
1423516244,s3-eth2,5082.00,222558.00,227640.00,222558,5082,77.00,147.00,224.00,147,77,0.00,0.00,0,0
1423516244,eth0,206.00,186.00,392.00,186,206,2.00,3.00,5.00,3,2,0.00,0.00,0,0
1423516244,lo,0.00,0.00,0.00,0,0,0.00,0.00,0.00,0,0,0.00,0.00,0,0
1423516244,s4-eth1,626796.00,13728.00,640524.00,13728,626796,414.00,208.00,622.00,208,414,0.00,0.00,0,0
1423516244,s4-eth3,7590.00,348220.00,355810.00,348220,7590,115.00,230.00,345.00,230,115,0.00,0.00,0,0
1423516244,s4-eth2,6138.00,278576.00,284714.00,278576,6138,93.00,184.00,277.00,184,93,0.00,0.00,0,0
1423516244,s5-eth1,348220.00,7590.00,355810.00,7590,348220,230.00,115.00,345.00,115,230,0.00,0.00,0,0
1423516244,s5-eth2,7590.00,348220.00,355810.00,348220,7590,115.00,230.00,345.00,230,115,0.00,0.00,0,0
1423516244,total,4425650.00,4455910.00,8881560.00,4455910,4425650,4328.00,4349.00,8677.00,4349,4328,0.00,0.00,0,0
1423516245,s1-eth1,1251022.00,28326.00,1279348.00,28326,1251022,827.00,429.00,1256.00,429,827,0.00,0.00,0,0
1423516245,s1-eth3,27060.00,1250326.00,1277386.00,1250326,27060,410.00,827.00,1237.00,827,410,0.00,0.00,0,0
1423516245,s1-eth2,1266.00,33308.00,34574.00,33308,1266,19.00,22.00,41.00,22,19,0.00,0.00,0,0
1423516245,s2-eth1,1250326.00,27060.00,1277386.00,27060,1250326,827.00,410.00,1237.00,410,827,0.00,0.00,0,0
1423516245,s2-eth3,17028.00,765846.00,782874.00,765846,17028,258.00,507.00,765.00,507,258,0.00,0.00,0,0
1423516245,s2-eth2,10098.00,466312.00,476410.00,466312,10098,153.00,308.00,461.00,308,153,0.00,0.00,0,0
1423516245,s3-eth1,765846.00,17028.00,782874.00,17028,765846,507.00,258.00,765.00,258,507,0.00,0.00,0,0
1423516245,s3-eth3,11946.00,540498.00,552444.00,540498,11946,181.00,357.00,538.00,357,181,0.00,0.00,0,0
1423516245,s3-eth2,5016.00,222320.00,227336.00,222320,5016,76.00,148.00,224.00,148,76,0.00,0.00,0,0
1423516245,eth0,146.00,66.00,212.00,66,146,1.00,1.00,2.00,1,1,0.00,0.00,0,0
1423516245,lo,860.00,860.00,1720.00,860,860,15.00,15.00,30.00,15,15,0.00,0.00,0,0
1423516245,s4-eth1,540498.00,11946.00,552444.00,11946,540498,357.00,181.00,538.00,181,357,0.00,0.00,0,0
1423516245,s4-eth3,6798.00,310370.00,317168.00,310370,6798,103.00,205.00,308.00,205,103,0.00,0.00,0,0
1423516245,s4-eth2,5142.86,229898.11,235040.97,230128,5148,77.92,151.85,229.77,152,78,0.00,0.00,0,0
1423516245,s5-eth1,310059.94,6791.21,316851.16,6798,310370,204.80,102.90,307.69,103,205,0.00,0.00,0,0
1423516245,s5-eth2,6791.21,313084.94,319876.12,313398,6798,102.90,206.79,309.69,207,103,0.00,0.00,0,0
1423516245,total,4206020.00,4220369.50,8426390.00,4224590,4210226,4115.88,4125.87,8241.76,4130,4120,0.00,0.00,0,0
1423516246,s1-eth1,1251238.75,31966.04,1283204.88,31998,1252490,828.17,468.53,1296.70,469,829,0.00,0.00,0,0
1423516246,s1-eth3,31966.04,1251238.75,1283204.88,1252490,31998,468.53,828.17,1296.70,829,469,0.00,0.00,0,0
1423516246,s1-eth2,0.00,1512.49,1512.49,1514,0,0.00,1.00,1.00,1,0,0.00,0.00,0,0
1423516246,s2-eth1,1251238.75,31966.04,1283204.88,31998,1252490,828.17,468.53,1296.70,469,829,0.00,0.00,0,0
1423516246,s2-eth3,19516.48,921226.81,940743.31,922148,19536,295.70,609.39,905.09,610,296,0.00,0.00,0,0
1423516246,s2-eth2,12383.62,334549.47,346933.06,334884,12396,171.83,221.78,393.61,222,172,0.00,0.00,0,0
1423516246,s3-eth1,921226.81,19516.48,940743.31,19536,922148,609.39,295.70,905.09,296,610,0.00,0.00,0,0
1423516246,s3-eth3,13516.48,630707.31,644223.81,631338,13530,204.80,416.58,621.38,417,205,0.00,0.00,0,0
1423516246,s3-eth2,6065.93,290519.50,296585.44,290810,6072,91.91,192.81,284.72,193,92,0.00,0.00,0,0
1423516246,eth0,205.79,125.87,331.67,126,206,2.00,2.00,4.00,2,2,0.00,0.00,0,0
1423516246,lo,0.00,0.00,0.00,0,0,0.00,0.00,0.00,0,0,0.00,0.00,0,0
1423516246,s4-eth1,630707.31,13516.48,644223.81,13530,631338,416.58,204.80,621.38,205,417,0.00,0.00,0,0
1423516246,s4-eth3,7450.55,350897.12,358347.66,351248,7458,112.89,231.77,344.66,232,113,0.00,0.00,0,0
1423516246,s4-eth2,6072.00,280090.00,286162.00,280090,6072,92.00,185.00,277.00,185,92,0.00,0.00,0,0
1423516246,s5-eth1,351248.00,7458.00,358706.00,7458,351248,232.00,113.00,345.00,113,232,0.00,0.00,0,0
1423516246,s5-eth2,7458.00,348220.00,355678.00,348220,7458,113.00,230.00,343.00,230,113,0.00,0.00,0,0
1423516246,total,4514440.00,4517388.00,9031828.00,4517388,4514440,4471.00,4473.00,8944.00,4473,4471,0.00,0.00,0,0
1423516247,s1-eth1,1250686.00,27852.00,1278538.00,27852,1250686,827.00,422.00,1249.00,422,827,0.00,0.00,0,0
1423516247,s1-eth3,27786.00,1251134.00,1278920.00,1251134,27786,421.00,827.00,1248.00,827,421,0.00,0.00,0,0
1423516247,s1-eth2,66.00,6056.00,6122.00,6056,66,1.00,4.00,5.00,4,1,0.00,0.00,0,0
1423516247,s2-eth1,1251134.00,27786.00,1278920.00,27786,1251134,827.00,421.00,1248.00,421,827,0.00,0.00,0,0
1423516247,s2-eth3,20592.00,996782.00,1017374.00,996782,20592,312.00,659.00,971.00,659,312,0.00,0.00,0,0
1423516247,s2-eth2,7194.00,340650.00,347844.00,340650,7194,109.00,225.00,334.00,225,109,0.00,0.00,0,0
1423516247,s3-eth1,996782.00,20592.00,1017374.00,20592,996782,659.00,312.00,971.00,312,659,0.00,0.00,0,0
1423516247,s3-eth3,12936.00,608380.00,621316.00,608380,12936,196.00,402.00,598.00,402,196,0.00,0.00,0,0
1423516247,s3-eth2,7656.00,394458.00,402114.00,394458,7656,116.00,261.00,377.00,261,116,0.00,0.00,0,0
1423516247,eth0,206.00,268.00,474.00,268,206,2.00,3.00,5.00,3,2,0.00,0.00,0,0
1423516247,lo,0.00,0.00,0.00,0,0,0.00,0.00,0.00,0,0,0.00,0.00,0,0
1423516247,s4-eth1,608380.00,12936.00,621316.00,12936,608380,402.00,196.00,598.00,196,402,0.00,0.00,0,0
1423516247,s4-eth3,7458.00,351000.00,358458.00,351000,7458,113.00,232.00,345.00,232,113,0.00,0.00,0,0
1423516247,s4-eth2,5478.00,257380.00,262858.00,257380,5478,83.00,170.00,253.00,170,83,0.00,0.00,0,0
1423516247,s5-eth1,351000.00,7458.00,358458.00,7458,351000,232.00,113.00,345.00,113,232,0.00,0.00,0,0
1423516247,s5-eth2,7458.00,351000.00,358458.00,351000,7458,113.00,232.00,345.00,232,113,0.00,0.00,0,0
1423516247,total,4554812.00,4653732.00,9208544.00,4653732,4554812,4413.00,4479.00,8892.00,4479,4413,0.00,0.00,0,0
1423516248,s1-eth1,1250470.00,32166.00,1282636.00,32166,1250470,827.00,473.00,1300.00,473,827,0.00,0.00,0,0
1423516248,s1-eth3,32034.00,1250718.00,1282752.00,1250718,32034,471.00,827.00,1298.00,827,471,0.00,0.00,0,0
1423516248,s1-eth2,132.00,7570.00,7702.00,7570,132,2.00,5.00,7.00,5,2,0.00,0.00,0,0
1423516248,s2-eth1,1250718.00,32034.00,1282752.00,32034,1250718,827.00,471.00,1298.00,471,827,0.00,0.00,0,0
1423516248,s2-eth3,25236.00,913218.00,938454.00,913218,25236,368.00,605.00,973.00,605,368,0.00,0.00,0,0
1423516248,s2-eth2,6798.00,316426.00,323224.00,316426,6798,103.00,209.00,312.00,209,103,0.00,0.00,0,0
1423516248,s3-eth1,913218.00,25236.00,938454.00,25236,913218,605.00,368.00,973.00,368,605,0.00,0.00,0,0
1423516248,s3-eth3,16392.00,524638.00,541030.00,524638,16392,234.00,347.00,581.00,347,234,0.00,0.00,0,0
1423516248,s3-eth2,8844.00,384038.00,392882.00,384038,8844,134.00,255.00,389.00,255,134,0.00,0.00,0,0
1423516248,eth0,206.00,126.00,332.00,126,206,2.00,2.00,4.00,2,2,0.00,0.00,0,0
1423516248,lo,0.00,0.00,0.00,0,0,0.00,0.00,0.00,0,0,0.00,0.00,0,0
1423516248,s4-eth1,524638.00,16392.00,541030.00,16392,524638,347.00,234.00,581.00,234,347,0.00,0.00,0,0
1423516248,s4-eth3,7128.00,310370.00,317498.00,310370,7128,108.00,205.00,313.00,205,108,0.00,0.00,0,0
1423516248,s4-eth2,9264.00,214268.00,223532.00,214268,9264,126.00,142.00,268.00,142,126,0.00,0.00,0,0
1423516248,s5-eth1,310370.00,7128.00,317498.00,7128,310370,205.00,108.00,313.00,108,205,0.00,0.00,0,0
1423516248,s5-eth2,7128.00,310370.00,317498.00,310370,7128,108.00,205.00,313.00,205,108,0.00,0.00,0,0
1423516248,total,4362576.00,4344698.00,8707274.00,4344698,4362576,4467.00,4456.00,8923.00,4456,4467,0.00,0.00,0,0
1423516249,s1-eth1,1251560.00,35958.00,1287518.00,35958,1251560,828.00,519.00,1347.00,519,828,0.00,0.00,0,0
1423516249,s1-eth3,35826.00,1229094.00,1264920.00,1229094,35826,517.00,815.00,1332.00,815,517,0.00,0.00,0,0
1423516249,s1-eth2,66.00,4542.00,4608.00,4542,66,1.00,3.00,4.00,3,1,0.00,0.00,0,0
1423516249,s2-eth1,1229094.00,35826.00,1264920.00,35826,1229094,815.00,517.00,1332.00,517,815,0.00,0.00,0,0
1423516249,s2-eth3,27048.00,842902.00,869950.00,842902,27048,384.00,559.00,943.00,559,384,0.00,0.00,0,0
1423516249,s2-eth2,8778.00,393640.00,402418.00,393640,8778,133.00,260.00,393.00,260,133,0.00,0.00,0,0
1423516249,s3-eth1,842902.00,27048.00,869950.00,27048,842902,559.00,384.00,943.00,384,559,0.00,0.00,0,0
1423516249,s3-eth3,12714.00,491532.00,504246.00,491532,12714,187.00,326.00,513.00,326,187,0.00,0.00,0,0
1423516249,s3-eth2,14334.00,349856.00,364190.00,349856,14334,197.00,232.00,429.00,232,197,0.00,0.00,0,0
1423516249,eth0,146.00,66.00,212.00,66,146,1.00,1.00,2.00,1,1,0.00,0.00,0,0
1423516249,lo,0.00,0.00,0.00,0,0,0.00,0.00,0.00,0,0,0.00,0.00,0,0
1423516249,s4-eth1,491532.00,12714.00,504246.00,12714,491532,326.00,187.00,513.00,187,326,0.00,0.00,0,0
1423516249,s4-eth3,6996.00,326506.00,333502.00,326506,6996,106.00,217.00,323.00,217,106,0.00,0.00,0,0
1423516249,s4-eth2,5718.00,165026.00,170744.00,165026,5718,81.00,109.00,190.00,109,81,0.00,0.00,0,0
1423516249,s5-eth1,326506.00,6996.00,333502.00,6996,326506,217.00,106.00,323.00,106,217,0.00,0.00,0,0
1423516249,s5-eth2,6996.00,326506.00,333502.00,326506,6996,106.00,217.00,323.00,217,106,0.00,0.00,0,0
1423516249,total,4260216.00,4248212.00,8508428.00,4248212,4260216,4458.00,4452.00,8910.00,4452,4458,0.00,0.00,0,0
1423516250,s1-eth1,1250808.00,28278.00,1279086.00,28278,1250808,828.00,427.00,1255.00,427,828,0.00,0.00,0,0
1423516250,s1-eth3,27654.00,1251438.00,1279092.00,1251438,27654,419.00,827.00,1246.00,827,419,0.00,0.00,0,0
1423516250,s1-eth2,690.00,18168.00,18858.00,18168,690,9.00,12.00,21.00,12,9,0.00,0.00,0,0
1423516250,s2-eth1,1251438.00,27654.00,1279092.00,27654,1251438,827.00,419.00,1246.00,419,827,0.00,0.00,0,0
1423516250,s2-eth3,20988.00,1028880.00,1049868.00,1028880,20988,318.00,680.00,998.00,680,318,0.00,0.00,0,0
1423516250,s2-eth2,6666.00,301286.00,307952.00,301286,6666,101.00,199.00,300.00,199,101,0.00,0.00,0,0
1423516250,s3-eth1,1028880.00,20988.00,1049868.00,20988,1028880,680.00,318.00,998.00,318,680,0.00,0.00,0,0
1423516250,s3-eth3,13134.00,656436.00,669570.00,656436,13134,199.00,434.00,633.00,434,199,0.00,0.00,0,0
1423516250,s3-eth2,7854.00,375472.00,383326.00,375472,7854,119.00,248.00,367.00,248,119,0.00,0.00,0,0
1423516250,eth0,206.00,126.00,332.00,126,206,2.00,2.00,4.00,2,2,0.00,0.00,0,0
1423516250,lo,860.00,860.00,1720.00,860,860,15.00,15.00,30.00,15,15,0.00,0.00,0,0
1423516250,s4-eth1,656436.00,13134.00,669570.00,13134,656436,434.00,199.00,633.00,199,434,0.00,0.00,0,0
1423516250,s4-eth3,9372.00,489896.00,499268.00,489896,9372,142.00,324.00,466.00,324,142,0.00,0.00,0,0
1423516250,s4-eth2,3762.00,166540.00,170302.00,166540,3762,57.00,110.00,167.00,110,57,0.00,0.00,0,0
1423516250,s5-eth1,489896.00,9372.00,499268.00,9372,489896,324.00,142.00,466.00,142,324,0.00,0.00,0,0
1423516250,s5-eth2,9372.00,489896.00,499268.00,489896,9372,142.00,324.00,466.00,324,142,0.00,0.00,0,0
1423516250,total,4778016.00,4878424.00,9656440.00,4878424,4778016,4616.00,4680.00,9296.00,4680,4616,0.00,0.00,0,0
1423516251,s1-eth1,1250920.00,33500.00,1284420.00,33500,1250920,828.00,476.00,1304.00,476,828,0.00,0.00,0,0
1423516251,s1-eth3,32948.00,1250864.00,1283812.00,1250864,32948,468.00,828.00,1296.00,828,468,0.00,0.00,0,0
1423516251,s1-eth2,486.00,13626.00,14112.00,13626,486,7.00,9.00,16.00,9,7,0.00,0.00,0,0
1423516251,s2-eth1,1250864.00,32948.00,1283812.00,32948,1250864,828.00,468.00,1296.00,468,828,0.00,0.00,0,0
1423516251,s2-eth3,26282.00,886864.00,913146.00,886864,26282,367.00,588.00,955.00,588,367,0.00,0.00,0,0
1423516251,s2-eth2,6732.00,308856.00,315588.00,308856,6732,102.00,204.00,306.00,204,102,0.00,0.00,0,0
1423516251,s3-eth1,886864.00,26282.00,913146.00,26282,886864,588.00,367.00,955.00,367,588,0.00,0.00,0,0
1423516251,s3-eth3,15048.00,646656.00,661704.00,646656,15048,228.00,428.00,656.00,428,228,0.00,0.00,0,0
1423516251,s3-eth2,11168.00,238694.00,249862.00,238694,11168,138.00,159.00,297.00,159,138,0.00,0.00,0,0
1423516251,eth0,146.00,66.00,212.00,66,146,1.00,1.00,2.00,1,1,0.00,0.00,0,0
1423516251,lo,0.00,0.00,0.00,0,0,0.00,0.00,0.00,0,0,0.00,0.00,0,0
1423516251,s4-eth1,646656.00,15048.00,661704.00,15048,646656,428.00,228.00,656.00,228,428,0.00,0.00,0,0
1423516251,s4-eth3,11616.00,496770.00,508386.00,496770,11616,176.00,329.00,505.00,329,176,0.00,0.00,0,0
1423516251,s4-eth2,3432.00,154428.00,157860.00,154428,3432,52.00,102.00,154.00,102,52,0.00,0.00,0,0
1423516251,s5-eth1,496770.00,11616.00,508386.00,11616,496770,329.00,176.00,505.00,176,329,0.00,0.00,0,0
1423516251,s5-eth2,11616.00,498284.00,509900.00,498284,11616,176.00,330.00,506.00,330,176,0.00,0.00,0,0
1423516251,total,4651548.00,4614502.00,9266050.00,4614502,4651548,4716.00,4693.00,9409.00,4693,4716,0.00,0.00,0,0
1423516252,s1-eth1,1250742.00,38522.00,1289264.00,38522,1250742,827.00,535.00,1362.00,535,827,0.00,0.00,0,0
1423516252,s1-eth3,38132.00,1231878.00,1270010.00,1231878,38132,530.00,815.00,1345.00,815,530,0.00,0.00,0,0
1423516252,s1-eth2,456.00,13626.00,14082.00,13626,456,6.00,9.00,15.00,9,6,0.00,0.00,0,0
1423516252,s2-eth1,1231878.00,38132.00,1270010.00,38132,1231878,815.00,530.00,1345.00,530,815,0.00,0.00,0,0
1423516252,s2-eth3,29816.00,793580.00,823396.00,793580,29816,404.00,526.00,930.00,526,404,0.00,0.00,0,0
1423516252,s2-eth2,8316.00,390612.00,398928.00,390612,8316,126.00,258.00,384.00,258,126,0.00,0.00,0,0
1423516252,s3-eth1,793580.00,29816.00,823396.00,29816,793580,526.00,404.00,930.00,404,526,0.00,0.00,0,0
1423516252,s3-eth3,19734.00,533050.00,552784.00,533050,19734,265.00,353.00,618.00,353,265,0.00,0.00,0,0
1423516252,s3-eth2,10082.00,268100.00,278182.00,268100,10082,139.00,178.00,317.00,178,139,0.00,0.00,0,0
1423516252,eth0,206.00,126.00,332.00,126,206,2.00,2.00,4.00,2,2,0.00,0.00,0,0
1423516252,lo,0.00,0.00,0.00,0,0,0.00,0.00,0.00,0,0,0.00,0.00,0,0
1423516252,s4-eth1,533050.00,19734.00,552784.00,19734,533050,353.00,265.00,618.00,265,353,0.00,0.00,0,0
1423516252,s4-eth3,15642.00,343800.00,359442.00,343800,15642,203.00,228.00,431.00,228,203,0.00,0.00,0,0
1423516252,s4-eth2,4092.00,184708.00,188800.00,184708,4092,62.00,122.00,184.00,122,62,0.00,0.00,0,0
1423516252,s5-eth1,343800.00,15642.00,359442.00,15642,343800,228.00,203.00,431.00,203,228,0.00,0.00,0,0
1423516252,s5-eth2,15642.00,345314.00,360956.00,345314,15642,203.00,229.00,432.00,229,203,0.00,0.00,0,0
1423516252,total,4295168.00,4246640.00,8541808.00,4246640,4295168,4689.00,4657.00,9346.00,4657,4689,0.00,0.00,0,0
1423516253,s1-eth1,1250808.00,29304.00,1280112.00,29304,1250808,828.00,440.00,1268.00,440,828,0.00,0.00,0,0
1423516253,s1-eth3,28554.00,1212822.00,1241376.00,1212822,28554,429.00,803.00,1232.00,803,429,0.00,0.00,0,0
1423516253,s1-eth2,750.00,18168.00,18918.00,18168,750,11.00,12.00,23.00,12,11,0.00,0.00,0,0
1423516253,s2-eth1,1212822.00,28554.00,1241376.00,28554,1212822,803.00,429.00,1232.00,429,803,0.00,0.00,0,0
1423516253,s2-eth3,20106.00,835906.00,856012.00,835906,20106,301.00,553.00,854.00,553,301,0.00,0.00,0,0
1423516253,s2-eth2,8448.00,285954.00,294402.00,285954,8448,128.00,189.00,317.00,189,128,0.00,0.00,0,0
1423516253,s3-eth1,835906.00,20106.00,856012.00,20106,835906,553.00,301.00,854.00,301,553,0.00,0.00,0,0
1423516253,s3-eth3,13926.00,598208.00,612134.00,598208,13926,211.00,396.00,607.00,396,211,0.00,0.00,0,0
1423516253,s3-eth2,6246.00,228614.00,234860.00,228614,6246,91.00,151.00,242.00,151,91,0.00,0.00,0,0
1423516253,eth0,174.00,126.00,300.00,126,174,2.00,2.00,4.00,2,2,0.00,0.00,0,0
1423516253,lo,0.00,0.00,0.00,0,0,0.00,0.00,0.00,0,0,0.00,0.00,0,0
1423516253,s4-eth1,598208.00,13926.00,612134.00,13926,598208,396.00,211.00,607.00,211,396,0.00,0.00,0,0
1423516253,s4-eth3,9966.00,413500.00,423466.00,413500,9966,151.00,274.00,425.00,274,151,0.00,0.00,0,0
1423516253,s4-eth2,3960.00,184708.00,188668.00,184708,3960,60.00,122.00,182.00,122,60,0.00,0.00,0,0
1423516253,s5-eth1,413500.00,9966.00,423466.00,9966,413500,274.00,151.00,425.00,151,274,0.00,0.00,0,0
1423516253,s5-eth2,9966.00,410472.00,420438.00,410472,9966,151.00,272.00,423.00,272,151,0.00,0.00,0,0
1423516253,total,4413340.00,4290334.00,8703674.00,4290334,4413340,4389.00,4306.00,8695.00,4306,4389,0.00,0.00,0,0
1423516254,eth0,2258.00,1314.00,3572.00,1314,2258,20.00,20.00,40.00,20,20,0.00,0.00,0,0
1423516254,lo,1916.00,1916.00,3832.00,1916,1916,27.00,27.00,54.00,27,27,0.00,0.00,0,0
1423516254,total,18446744073709551616.00,18446744073709551616.00,18446744073709551616.00,18446744073575755257,18446744073576317075,18446744073709416448.00,18446744073709416448.00,18446744073709283328.00,18446744073709416892,18446744073709417149,0.00,0.00,0,0
1423516255,eth0,114.00,208.00,322.00,208,114,1.00,2.00,3.00,2,1,0.00,0.00,0,0
1423516255,lo,0.00,0.00,0.00,0,0,0.00,0.00,0.00,0,0,0.00,0.00,0,0
1423516255,total,114.00,208.00,322.00,208,114,1.00,2.00,3.00,2,1,0.00,0.00,0,0
1423516256,eth0,60.00,60.00,120.00,60,60,1.00,1.00,2.00,1,1,0.00,0.00,0,0
1423516256,lo,0.00,0.00,0.00,0,0,0.00,0.00,0.00,0,0,0.00,0.00,0,0
1423516256,total,60.00,60.00,120.00,60,60,1.00,1.00,2.00,1,1,0.00,0.00,0,0
142351625