1423516181,s1-eth1,0.00,0.00,0.00,0,0,0.00,0.00,0.00,0,0,0.00,0.00,0,0
1423516181,s1-eth3,0.00,0.00,0.00,0,0,0.00,0.00,0.00,0,0,0.00,0.00,0,0
1423516181,s1-eth2,0.00,0.00,0.00,0,0,0.00,0.00,0.00,0,0,0.00,0.00,0,0
1423516181,s2-eth1,0.00,0.00,0.00,0,0,0.00,0.00,0.00,0,0,0.00,0.00,0,0
1423516181,s2-eth3,0.00,0.00,0.00,0,0,0.00,0.00,0.00,0,0,0.00,0.00,0,0
1423516181,s2-eth2,0.00,0.00,0.00,0,0,0.00,0.00,0.00,0,0,0.00,0.00,0,0
1423516181,s3-eth1,0.00,0.00,0.00,0,0,0.00,0.00,0.00,0,0,0.00,0.00,0,0
1423516181,s3-eth3,0.00,0.00,0.00,0,0,0.00,0.00,0.00,0,0,0.00,0.00,0,0
1423516181,s3-eth2,0.00,0.00,0.00,0,0,0.00,0.00,0.00,0,0,0.00,0.00,0,0
1423516181,eth0,0.00,0.00,0.00,0,0,0.00,0.00,0.00,0,0,0.00,0.00,0,0
1423516181,lo,0.00,0.00,0.00,0,0,0.00,0.00,0.00,0,0,0.00,0.00,0,0
1423516181,s4-eth1,0.00,0.00,0.00,0,0,0.00,0.00,0.00,0,0,0.00,0.00,0,0
1423516181,s4-eth2,0.00,0.00,0.00,0,0,0.00,0.00,0.00,0,0,0.00,0.00,0,0
1423516181,total,0.00,0.00,0.00,0,0,0.00,0.00,0.00,0,0,0.00,0.00,0,0
1423516182,s1-eth1,1249660.00,28578.00,1278238.00,28578,1249660,830.00,433.00,1263.00,433,830,0.00,0.00,0,0
1423516182,s1-eth3,20130.00,913430.00,933560.00,913430,20130,305.00,607.00,912.00,607,305,0.00,0.00,0,0
1423516182,s1-eth2,8448.00,370356.00,378804.00,370356,8448,128.00,246.00,374.00,246,128,0.00,0.00,0,0
1423516182,s2-eth1,913430.00,20130.00,933560.00,20130,913430,607.00,305.00,912.00,305,607,0.00,0.00,0,0
1423516182,s2-eth3,13398.00,607480.00,620878.00,607480,13398,203.00,404.00,607.00,404,203,0.00,0.00,0,0
1423516182,s2-eth2,6732.00,307464.00,314196.00,307464,6732,102.00,204.00,306.00,204,102,0.00,0.00,0,0
1423516182,s3-eth1,607480.00,13398.00,620878.00,13398,607480,404.00,203.00,607.00,203,404,0.00,0.00,0,0
1423516182,s3-eth3,6930.00,309100.00,316030.00,309100,6930,105.00,206.00,311.00,206,105,0.00,0.00,0,0
1423516182,s3-eth2,6468.00,298380.00,304848.00,298380,6468,98.00,198.00,296.00,198,98,0.00,0.00,0,0
1423516182,eth0,206.00,126.00,332.00,126,206,2.00,2.00,4.00,2,2,0.00,0.00,0,0
1423516182,lo,0.00,0.00,0.00,0,0,0.00,0.00,0.00,0,0,0.00,0.00,0,0
1423516182,s4-eth1,309100.00,6930.00,316030.00,6930,309100,206.00,105.00,311.00,105,206,0.00,0.00,0,0
1423516182,s4-eth2,6996.00,309100.00,316096.00,309100,6996,106.00,206.00,312.00,206,106,0.00,0.00,0,0
1423516182,total,3148978.00,3184472.00,6333450.00,3184472,3148978,3096.00,3119.00,6215.00,3119,3096,0.00,0.00,0,0
1423516183,s1-eth1,1251174.00,28908.00,1280082.00,28908,1251174,831.00,438.00,1269.00,438,831,0.00,0.00,0,0
1423516183,s1-eth3,20130.00,886056.00,906186.00,886056,20130,305.00,588.00,893.00,588,305,0.00,0.00,0,0
1423516183,s1-eth2,8712.00,385496.00,394208.00,385496,8712,132.00,256.00,388.00,256,132,0.00,0.00,0,0
1423516183,s2-eth1,886056.00,20130.00,906186.00,20130,886056,588.00,305.00,893.00,305,588,0.00,0.00,0,0
1423516183,s2-eth3,13530.00,586162.00,599692.00,586162,13530,205.00,389.00,594.00,389,205,0.00,0.00,0,0
1423516183,s2-eth2,6666.00,299894.00,306560.00,299894,6666,101.00,199.00,300.00,199,101,0.00,0.00,0,0
1423516183,s3-eth1,586162.00,13530.00,599692.00,13530,586162,389.00,205.00,594.00,205,389,0.00,0.00,0,0
1423516183,s3-eth3,7128.00,302922.00,310050.00,302922,7128,108.00,201.00,309.00,201,108,0.00,0.00,0,0
1423516183,s3-eth2,6402.00,283240.00,289642.00,283240,6402,97.00,188.00,285.00,188,97,0.00,0.00,0,0
1423516183,eth0,146.00,66.00,212.00,66,146,1.00,1.00,2.00,1,1,0.00,0.00,0,0
1423516183,lo,0.00,0.00,0.00,0,0,0.00,0.00,0.00,0,0,0.00,0.00,0,0
1423516183,s4-eth1,302922.00,7128.00,310050.00,7128,302922,201.00,108.00,309.00,108,201,0.00,0.00,0,0
1423516183,s4-eth2,7128.00,302922.00,310050.00,302922,7128,108.00,201.00,309.00,201,108,0.00,0.00,0,0
1423516183,total,3096156.00,3116454.00,6212610.00,3116454,3096156,3066.00,3079.00,6145.00,3079,3066,0.00,0.00,0,0
1423516184,s1-eth1,1250951.12,29014.99,1279966.12,29044,1252202,834.17,439.56,1273.73,440,835,0.00,0.00,0,0
1423516184,s1-eth3,20975.03,920167.88,941142.88,921088,20996,317.68,613.39,931.07,614,318,0.00,0.00,0,0
1423516184,s1-eth2,8455.54,351906.09,360361.66,352258,8464,127.87,234.77,362.64,235,128,0.00,0.00,0,0
1423516184,s2-eth1,920167.88,20975.03,941142.88,20996,921088,613.39,317.68,931.07,318,614,0.00,0.00,0,0
1423516184,s2-eth3,14253.75,629578.44,643832.19,630208,14268,215.78,419.58,635.36,420,216,0.00,0.00,0,0
1423516184,s2-eth2,7005.00,292101.91,299106.91,292394,7012,105.89,194.81,300.70,195,106,0.00,0.00,0,0
1423516184,s3-eth1,629578.44,14253.75,643832.19,14268,630208,419.58,215.78,635.36,216,420,0.00,0.00,0,0
1423516184,s3-eth3,7136.86,302689.31,309826.19,302992,7144,107.89,201.80,309.69,202,108,0.00,0.00,0,0
1423516184,s3-eth2,7466.53,326889.12,334355.66,327216,7474,112.89,217.78,330.67,218,113,0.00,0.00,0,0
1423516184,eth0,205.79,125.87,331.67,126,206,2.00,2.00,4.00,2,2,0.00,0.00,0,0
1423516184,lo,5354.65,5354.65,10709.29,5360,5360,59.94,59.94,119.88,60,60,0.00,0.00,0,0
1423516184,s4-eth1,302387.22,7129.74,309516.97,7144,302992,201.60,107.78,309.38,108,202,0.00,0.00,0,0
1423516184,s4-eth2,7129.74,302387.22,309516.97,302992,7144,107.78,201.60,309.38,202,108,0.00,0.00,0,0
1423516184,total,3178201.75,3199686.75,6377888.50,3206086,3184558,3223.55,3223.55,6447.11,3230,3230,0.00,0.00,0,0
1423516185,s1-eth1,1250657.38,29010.99,1279668.38,29040,1251908,831.17,439.56,1270.73,440,832,0.00,0.00,0,0
1423516185,s1-eth3,20985.02,917148.88,938133.88,918066,21006,318.68,612.39,931.07,613,319,0.00,0.00,0,0
1423516185,s1-eth2,8391.61,372287.72,380679.34,372660,8400,127.87,249.75,377.62,250,128,0.00,0.00,0,0
1423516185,s2-eth1,917148.88,20985.02,938133.88,21006,918066,612.39,318.68,931.07,319,613,0.00,0.00,0,0
1423516185,s2-eth3,14433.57,623646.38,638079.94,624270,14448,219.78,418.58,638.36,419,220,0.00,0.00,0,0
1423516185,s2-eth2,6965.04,302745.25,309710.31,303048,6972,105.89,203.80,309.69,204,106,0.00,0.00,0,0
1423516185,s3-eth1,623646.38,14433.57,638079.94,14448,624270,418.58,219.78,638.36,220,419,0.00,0.00,0,0
1423516185,s3-eth3,7402.60,310397.62,317800.22,310708,7410,112.89,209.79,322.68,210,113,0.00,0.00,0,0
1423516185,s3-eth2,7294.71,313332.69,320627.38,313646,7302,110.89,210.79,321.68,211,111,0.00,0.00,0,0
1423516185,eth0,145.85,125.87,271.73,126,146,1.00,2.00,3.00,2,1,0.00,0.00,0,0
1423516185,lo,10829.17,10829.17,21658.34,10840,10840,101.90,101.90,203.80,102,102,0.00,0.00,0,0
1423516185,s4-eth1,310708.00,7410.00,318118.00,7410,310708,210.00,113.00,323.00,113,210,0.00,0.00,0,0
1423516185,s4-eth2,7410.00,310708.00,318118.00,310708,7410,113.00,210.00,323.00,210,113,0.00,0.00,0,0
1423516185,total,3188886.00,3235976.00,6424862.00,3235976,3188886,3287.00,3313.00,6600.00,3313,3287,0.00,0.00,0,0
1423516186,s1-eth1,1249948.12,40553.45,1290501.50,40594,1251198,830.17,558.44,1388.61,559,831,0.00,0.00,0,0
1423516186,s1-eth3,29024.98,857250.75,886275.75,858108,29054,400.60,569.43,970.03,570,401,0.00,0.00,0,0
1423516186,s1-eth2,11528.47,395754.25,407282.72,396150,11540,157.84,262.74,420.58,263,158,0.00,0.00,0,0
1423516186,s2-eth1,857250.75,29024.98,886275.75,29054,858108,569.43,400.60,970.03,401,570,0.00,0.00,0,0
1423516186,s2-eth3,18155.84,581856.19,600012.00,582438,18174,254.75,386.61,641.36,387,255,0.00,0.00,0,0
1423516186,s2-eth2,10869.13,304949.06,315818.19,305254,10880,145.85,202.80,348.65,203,146,0.00,0.00,0,0
1423516186,s3-eth1,581856.19,18155.84,600012.00,18174,582438,386.61,254.75,641.36,255,387,0.00,0.00,0,0
1423516186,s3-eth3,8223.78,258757.25,266981.03,259016,8232,115.88,171.83,287.71,172,116,0.00,0.00,0,0
1423516186,s3-eth2,9932.07,323098.91,333030.97,323422,9942,138.86,214.79,353.65,215,139,0.00,0.00,0,0
1423516186,eth0,205.79,125.87,331.67,126,206,2.00,2.00,4.00,2,2,0.00,0.00,0,0
1423516186,lo,0.00,0.00,0.00,0,0,0.00,0.00,0.00,0,0,0.00,0.00,0,0
1423516186,s4-eth1,258757.25,8223.78,266981.03,8232,259016,171.83,115.88,287.71,116,172,0.00,0.00,0,0
1423516186,s4-eth2,8223.78,258757.25,266981.03,259016,8232,115.88,171.83,287.71,172,116,0.00,0.00,0,0
1423516186,total,3043976.00,3076507.50,6120483.50,3079584,3047020,3289.71,3311.69,6601.40,3315,3293,0.00,0.00,0,0
1423516187,s1-eth1,1251504.00,35808.00,1287312.00,35808,1251504,828.00,514.00,1342.00,514,828,0.00,0.00,0,0
1423516187,s1-eth3,24274.00,903162.00,927436.00,903162,24274,355.00,597.00,952.00,597,355,0.00,0.00,0,0
1423516187,s1-eth2,11612.00,334594.00,346206.00,334594,11612,160.00,221.00,381.00,221,160,0.00,0.00,0,0
1423516187,s2-eth1,903162.00,24274.00,927436.00,24274,903162,597.00,355.00,952.00,355,597,0.00,0.00,0,0
1423516187,s2-eth3,16870.00,529900.00,546770.00,529900,16870,243.00,350.00,593.00,350,243,0.00,0.00,0,0
1423516187,s2-eth2,7416.00,334594.00,342010.00,334594,7416,112.00,221.00,333.00,221,112,0.00,0.00,0,0
1423516187,s3-eth1,529900.00,16870.00,546770.00,16870,529900,350.00,243.00,593.00,243,350,0.00,0.00,0,0
1423516187,s3-eth3,5568.00,246782.00,252350.00,246782,5568,84.00,163.00,247.00,163,84,0.00,0.00,0,0
1423516187,s3-eth2,11314.00,299772.00,311086.00,299772,11314,159.00,198.00,357.00,198,159,0.00,0.00,0,0
1423516187,eth0,206.00,126.00,332.00,126,206,2.00,2.00,4.00,2,2,0.00,0.00,0,0
1423516187,lo,1152.00,1152.00,2304.00,1152,1152,12.00,12.00,24.00,12,12,0.00,0.00,0,0
1423516187,s4-eth1,246782.00,5568.00,252350.00,5568,246782,163.00,84.00,247.00,84,163,0.00,0.00,0,0
1423516187,s4-eth2,5568.00,246782.00,252350.00,246782,5568,84.00,163.00,247.00,163,84,0.00,0.00,0,0
1423516187,total,3015328.00,2979384.00,5994712.00,2979384,3015328,3149.00,3123.00,6272.00,3123,3149,0.00,0.00,0,0
1423516188,s1-eth1,1250312.00,28398.00,1278710.00,28398,1250312,830.00,429.00,1259.00,429,830,0.00,0.00,0,0
1423516188,s1-eth3,22232.00,1043624.00,1065856.00,1043624,22232,336.00,694.00,1030.00,694,336,0.00,0.00,0,0
1423516188,s1-eth2,6684.00,317370.00,324054.00,317370,6684,100.00,211.00,311.00,211,100,0.00,0.00,0,0
1423516188,s2-eth1,1043624.00,22232.00,1065856.00,22232,1043624,694.00,336.00,1030.00,336,694,0.00,0.00,0,0
1423516188,s2-eth3,13956.00,652674.00,666630.00,652674,13956,210.00,433.00,643.00,433,210,0.00,0.00,0,0
1423516188,s2-eth2,8728.00,390950.00,399678.00,390950,8728,132.00,261.00,393.00,261,132,0.00,0.00,0,0
1423516188,s3-eth1,652674.00,13956.00,666630.00,13956,652674,433.00,210.00,643.00,210,433,0.00,0.00,0,0
1423516188,s3-eth3,7696.00,337692.00,345388.00,337692,7696,116.00,224.00,340.00,224,116,0.00,0.00,0,0
1423516188,s3-eth2,6778.00,298328.00,305106.00,298328,6778,101.00,198.00,299.00,198,101,0.00,0.00,0,0
1423516188,eth0,146.00,208.00,354.00,208,146,1.00,2.00,3.00,2,1,0.00,0.00,0,0
1423516188,lo,6512.00,6512.00,13024.00,6512,6512,72.00,72.00,144.00,72,72,0.00,0.00,0,0
1423516188,s4-eth1,337692.00,7696.00,345388.00,7696,337692,224.00,116.00,340.00,116,224,0.00,0.00,0,0
1423516188,s4-eth2,7696.00,337692.00,345388.00,337692,7696,116.00,224.00,340.00,224,116,0.00,0.00,0,0
1423516188,total,3364730.00,3457332.00,6822062.00,3457332,3364730,3365.00,3410.00,6775.00,3410,3365,0.00,0.00,0,0
1423516189,s1-eth1,1250413.62,33590.41,1284004.00,33624,1251664,829.17,487.51,1316.68,488,830,0.00,0.00,0,0
1423516189,s1-eth3,24407.59,925068.94,949476.56,925994,24432,357.64,612.39,970.03,613,358,0.00,0.00,0,0
1423516189,s1-eth2,9116.88,269222.78,278339.66,269492,9126,128.87,177.82,306.69,178,129,0.00,0.00,0,0
1423516189,s2-eth1,925068.94,24407.59,949476.56,24432,925994,612.39,357.64,970.03,358,613,0.00,0.00,0,0
1423516189,s2-eth3,13846.15,627682.31,641528.50,628310,13860,209.79,414.59,624.38,415,210,0.00,0.00,0,0
1423516189,s2-eth2,10627.37,321586.44,332213.78,321908,10638,148.85,213.79,362.64,214,149,0.00,0.00,0,0
1423516189,s3-eth1,627682.31,13846.15,641528.50,13860,628310,414.59,209.79,624.38,210,415,0.00,0.00,0,0
1423516189,s3-eth3,6923.08,314597.41,321520.50,314912,6930,104.90,207.79,312.69,208,105,0.00,0.00,0,0
1423516189,s3-eth2,6857.14,313084.94,319942.06,313398,6864,103.90,206.79,310.69,207,104,0.00,0.00,0,0
1423516189,eth0,205.79,125.87,331.67,126,206,2.00,2.00,4.00,2,2,0.00,0.00,0,0
1423516189,lo,0.00,0.00,0.00,0,0,0.00,0.00,0.00,0,0,0.00,0.00,0,0
1423516189,s4-eth1,314283.44,6916.17,321199.62,6930,314912,207.58,104.79,312.38,105,208,0.00,0.00,0,0
1423516189,s4-eth2,6916.17,314283.44,321199.62,314912,6930,104.79,207.58,312.38,208,105,0.00,0.00,0,0
1423516189,total,3193479.25,3161575.00,6355054.00,3167898,3199866,3221.56,3199.60,6421.16,3206,3228,0.00,0.00,0,0
1423516190,s1-eth1,1251116.88,27692.31,1278809.25,27720,1252368,827.17,419.58,1246.75,420,828,0.00,0.00,0,0
1423516190,s1-eth3,21824.18,1013656.38,1035480.56,1014670,21846,330.67,670.33,1001.00,671,331,0.00,0.00,0,0
1423516190,s1-eth2,5934.07,276785.22,282719.28,277062,5940,89.91,182.82,272.73,183,90,0.00,0.00,0,0
1423516190,s2-eth1,1013656.38,21824.18,1035480.56,21846,1014670,670.33,330.67,1001.00,331,671,0.00,0.00,0,0
1423516190,s2-eth3,15032.97,686959.06,701992.00,687646,15048,227.77,454.55,682.32,455,228,0.00,0.00,0,0
1423516190,s2-eth2,6725.27,302497.50,309222.78,302800,6732,101.90,199.80,301.70,200,102,0.00,0.00,0,0
1423516190,s3-eth1,686959.06,15032.97,701992.00,15048,687646,454.55,227.77,682.32,228,455,0.00,0.00,0,0
1423516190,s3-eth3,7846.15,354211.81,362057.94,354566,7854,118.88,234.77,353.65,235,119,0.00,0.00,0,0
1423516190,s3-eth2,7252.75,332747.25,340000.00,333080,7260,109.89,219.78,329.67,220,110,0.00,0.00,0,0
1423516190,eth0,205.79,125.87,331.67,126,206,2.00,2.00,4.00,2,2,0.00,0.00,0,0
1423516190,lo,0.00,0.00,0.00,0,0,0.00,0.00,0.00,0,0,0.00,0.00,0,0
1423516190,s4-eth1,354566.00,7854.00,362420.00,7854,354566,235.00,119.00,354.00,119,235,0.00,0.00,0,0
1423516190,s4-eth2,7788.00,354566.00,362354.00,354566,7788,118.00,235.00,353.00,235,118,0.00,0.00,0,0
1423516190,total,3381924.00,3396984.00,6778908.00,3396984,3381924,3289.00,3299.00,6588.00,3299,3289,0.00,0.00,0,0
1423516191,s1-eth1,1248410.00,27588.00,1275998.00,27588,1248410,825.00,418.00,1243.00,418,825,0.00,0.00,0,0
1423516191,s1-eth3,21582.00,983460.00,1005042.00,983460,21582,327.00,650.00,977.00,650,327,0.00,0.00,0,0
1423516191,s1-eth2,6006.00,274034.00,280040.00,274034,6006,91.00,181.00,272.00,181,91,0.00,0.00,0,0
1423516191,s2-eth1,983460.00,21582.00,1005042.00,21582,983460,650.00,327.00,977.00,327,650,0.00,0.00,0,0
1423516191,s2-eth3,13068.00,596516.00,609584.00,596516,13068,198.00,394.00,592.00,394,198,0.00,0.00,0,0
1423516191,s2-eth2,8514.00,386944.00,395458.00,386944,8514,129.00,256.00,385.00,256,129,0.00,0.00,0,0
1423516191,s3-eth1,596516.00,13068.00,609584.00,13068,596516,394.00,198.00,592.00,198,394,0.00,0.00,0,0
1423516191,s3-eth3,6666.00,302800.00,309466.00,302800,6666,101.00,200.00,301.00,200,101,0.00,0.00,0,0
1423516191,s3-eth2,6402.00,293716.00,300118.00,293716,6402,97.00,194.00,291.00,194,97,0.00,0.00,0,0
1423516191,eth0,146.00,66.00,212.00,66,146,1.00,1.00,2.00,1,1,0.00,0.00,0,0
1423516191,lo,0.00,0.00,0.00,0,0,0.00,0.00,0.00,0,0,0.00,0.00,0,0
1423516191,s4-eth1,302800.00,6666.00,309466.00,6666,302800,200.00,101.00,301.00,101,200,0.00,0.00,0,0
1423516191,s4-eth2,6732.00,302800.00,309532.00,302800,6732,102.00,200.00,302.00,200,102,0.00,0.00,0,0
1423516191,total,3200302.00,3209240.00,6409542.00,3209240,3200302,3115.00,3120.00,6235.00,3120,3115,0.00,0.00,0,0
1423516192,s1-eth1,1250742.00,27456.00,1278198.00,27456,1250742,827.00,416.00,1243.00,416,827,0.00,0.00,0,0
1423516192,s1-eth3,21714.00,993362.00,1015076.00,993362,21714,329.00,657.00,986.00,657,329,0.00,0.00,0,0
1423516192,s1-eth2,5742.00,263436.00,269178.00,263436,5742,87.00,174.00,261.00,174,87,0.00,0.00,0,0
1423516192,s2-eth1,993362.00,21714.00,1015076.00,21714,993362,657.00,329.00,986.00,329,657,0.00,0.00,0,0
1423516192,s2-eth3,14058.00,648170.00,662228.00,648170,14058,213.00,429.00,642.00,429,213,0.00,0.00,0,0
1423516192,s2-eth2,7656.00,342164.00,349820.00,342164,7656,116.00,226.00,342.00,226,116,0.00,0.00,0,0
1423516192,s3-eth1,648170.00,14058.00,662228.00,14058,648170,429.00,213.00,642.00,213,429,0.00,0.00,0,0
1423516192,s3-eth3,6732.00,310548.00,317280.00,310548,6732,102.00,206.00,308.00,206,102,0.00,0.00,0,0
1423516192,s3-eth2,7326.00,337622.00,344948.00,337622,7326,111.00,223.00,334.00,223,111,0.00,0.00,0,0
1423516192,eth0,296.00,216.00,512.00,216,296,3.00,3.00,6.00,3,3,0.00,0.00,0,0
1423516192,lo,0.00,0.00,0.00,0,0,0.00,0.00,0.00,0,0,0.00,0.00,0,0
1423516192,s4-eth1,310548.00,6732.00,317280.00,6732,310548,206.00,102.00,308.00,102,206,0.00,0.00,0,0
1423516192,s4-eth2,6666.00,313576.00,320242.00,313576,6666,101.00,208.00,309.00,208,101,0.00,0.00,0,0
1423516192,total,3273012.00,3279054.00,6552066.00,3279054,3273012,3181.00,3186.00,6367.00,3186,3181,0.00,0.00,0,0
1423516193,s1-eth1,1251438.00,27720.00,1279158.00,27720,1251438,827.00,420.00,1247.00,420,827,0.00,0.00,0,0
1423516193,s1-eth3,21516.00,970638.00,992154.00,970638,21516,326.00,643.00,969.00,643,326,0.00,0.00,0,0
1423516193,s1-eth2,6204.00,286146.00,292350.00,286146,6204,94.00,189.00,283.00,189,94,0.00,0.00,0,0
1423516193,s2-eth1,970638.00,21516.00,992154.00,21516,970638,643.00,326.00,969.00,326,643,0.00,0.00,0,0
1423516193,s2-eth3,14586.00,653226.00,667812.00,653226,14586,221.00,433.00,654.00,433,221,0.00,0.00,0,0
1423516193,s2-eth2,6996.00,317412.00,324408.00,317412,6996,106.00,210.00,316.00,210,106,0.00,0.00,0,0
1423516193,s3-eth1,653226.00,14586.00,667812.00,14586,653226,433.00,221.00,654.00,221,433,0.00,0.00,0,0
1423516193,s3-eth3,7128.00,313576.00,320704.00,313576,7128,108.00,208.00,316.00,208,108,0.00,0.00,0,0
1423516193,s3-eth2,7392.00,339650.00,347042.00,339650,7392,112.00,225.00,337.00,225,112,0.00,0.00,0,0
1423516193,eth0,146.00,66.00,212.00,66,146,1.00,1.00,2.00,1,1,0.00,0.00,0,0
1423516193,lo,688.00,688.00,1376.00,688,688,12.00,12.00,24.00,12,12,0.00,0.00,0,0
1423516193,s4-eth1,313576.00,7128.00,320704.00,7128,313576,208.00,108.00,316.00,108,208,0.00,0.00,0,0
1423516193,s4-eth2,7194.00,310548.00,317742.00,310548,7194,109.00,206.00,315.00,206,109,0.00,0.00,0,0
1423516193,total,3260728.00,3262900.00,6523628.00,3262900,3260728,3200.00,3202.00,6402.00,3202,3200,0.00,0.00,0,0
1423516194,s1-eth1,1250220.00,37782.00,1288002.00,37782,1250220,830.00,525.00,1355.00,525,830,0.00,0.00,0,0
1423516194,s1-eth3,29796.00,951158.00,980954.00,951158,29796,414.00,631.00,1045.00,631,414,0.00,0.00,0,0
1423516194,s1-eth2,7908.00,242240.00,250148.00,242240,7908,110.00,160.00,270.00,160,110,0.00,0.00,0,0
1423516194,s2-eth1,951158.00,29796.00,980954.00,29796,951158,631.00,414.00,1045.00,414,631,0.00,0.00,0,0
1423516194,s2-eth3,20652.00,630068.00,650720.00,630068,20652,282.00,418.00,700.00,418,282,0.00,0.00,0,0
1423516194,s2-eth2,9066.00,321090.00,330156.00,321090,9066,131.00,213.00,344.00,213,131,0.00,0.00,0,0
1423516194,s3-eth1,630068.00,20652.00,650720.00,20652,630068,418.00,282.00,700.00,282,418,0.00,0.00,0,0
1423516194,s3-eth3,10072.00,315034.00,325106.00,315034,10072,140.00,209.00,349.00,209,140,0.00,0.00,0,0
1423516194,s3-eth2,10646.00,315034.00,325680.00,315034,10646,143.00,209.00,352.00,209,143,0.00,0.00,0,0
1423516194,eth0,206.00,126.00,332.00,126,206,2.00,2.00,4.00,2,2,0.00,0.00,0,0
1423516194,lo,0.00,0.00,0.00,0,0,0.00,0.00,0.00,0,0,0.00,0.00,0,0
1423516194,s4-eth1,315034.00,10072.00,325106.00,10072,315034,209.00,140.00,349.00,140,209,0.00,0.00,0,0
1423516194,s4-eth2,10072.00,315034.00,325106.00,315034,10072,140.00,209.00,349.00,209,140,0.00,0.00,0,0
1423516194,total,3244898.00,3188086.00,6432984.00,3188086,3244898,3450.00,3412.00,6862.00,3412,3450,0.00,0.00,0,0
1423516195,s1-eth1,1250131.88,32259.74,1282391.62,32292,1251382,826.17,473.53,1299.70,474,827,0.00,0.00,0,0
1423516195,s1-eth3,25018.98,1039896.12,1064915.12,1040936,25044,367.63,687.31,1054.95,688,368,0.00,0.00,0,0
1423516195,s1-eth2,7252.75,275272.75,282525.47,275548,7260,105.89,181.82,287.71,182,106,0.00,0.00,0,0
1423516195,s2-eth1,1039896.12,25018.98,1064915.12,25044,1040936,687.31,367.63,1054.95,368,688,0.00,0.00,0,0
1423516195,s2-eth3,17574.43,761598.44,779172.88,762360,17592,257.74,503.50,761.24,504,258,0.00,0.00,0,0
1423516195,s2-eth2,7522.48,278297.72,285820.19,278576,7530,110.89,183.82,294.71,184,111,0.00,0.00,0,0
1423516195,s3-eth1,761598.44,17574.43,779172.88,17592,762360,503.50,257.74,761.24,258,504,0.00,0.00,0,0
1423516195,s3-eth3,10189.81,412213.81,422403.59,412626,10200,145.85,272.73,418.58,273,146,0.00,0.00,0,0
1423516195,s3-eth2,7318.68,349384.62,356703.31,349734,7326,110.89,230.77,341.66,231,111,0.00,0.00,0,0
1423516195,eth0,205.79,267.73,473.53,268,206,2.00,3.00,5.00,3,2,0.00,0.00,0,0
1423516195,lo,0.00,0.00,0.00,0,0,0.00,0.00,0.00,0,0,0.00,0.00,0,0
1423516195,s4-eth1,412213.81,10189.81,422403.59,10200,412626,272.73,145.85,418.58,146,273,0.00,0.00,0,0
1423516195,s4-eth2,10189.81,412213.81,422403.59,412626,10200,145.85,272.73,418.58,273,146,0.00,0.00,0,0
1423516195,total,3549113.00,3614188.00,7163301.00,3617802,3552662,3536.46,3580.42,7116.88,3584,3540,0.00,0.00,0,0
1423516196,s1-eth1,1251005.00,30649.35,1281654.38,30680,1252256,827.17,451.55,1278.72,452,828,0.00,0.00,0,0
1423516196,s1-eth3,22615.38,1020523.50,1043138.88,1021544,22638,342.66,675.32,1017.98,676,343,0.00,0.00,0,0
1423516196,s1-eth2,8099.90,229898.11,237998.02,230128,8108,109.89,151.85,261.74,152,110,0.00,0.00,0,0
1423516196,s2-eth1,1020523.50,22615.38,1043138.88,22638,1021544,675.32,342.66,1017.98,343,676,0.00,0.00,0,0
1423516196,s2-eth3,16615.38,751300.75,767916.12,752052,16632,251.75,497.50,749.25,498,252,0.00,0.00,0,0
1423516196,s2-eth2,5934.07,270735.28,276669.34,271006,5940,89.91,178.82,268.73,179,90,0.00,0.00,0,0
1423516196,s3-eth1,751300.75,16615.38,767916.12,16632,752052,497.50,251.75,749.25,252,498,0.00,0.00,0,0
1423516196,s3-eth3,8109.89,371488.53,379598.41,371860,8118,122.88,245.75,368.63,246,123,0.00,0.00,0,0
1423516196,s3-eth2,8571.43,381324.69,389896.12,381706,8580,129.87,252.75,382.62,253,130,0.00,0.00,0,0
1423516196,eth0,145.85,65.93,211.79,66,146,1.00,1.00,2.00,1,1,0.00,0.00,0,0
1423516196,lo,0.00,0.00,0.00,0,0,0.00,0.00,0.00,0,0,0.00,0.00,0,0
1423516196,s4-eth1,371488.53,8109.89,379598.41,8118,371860,245.75,122.88,368.63,123,246,0.00,0.00,0,0
1423516196,s4-eth2,8109.89,371488.53,379598.41,371860,8118,122.88,245.75,368.63,246,123,0.00,0.00,0,0
1423516196,total,3472519.50,3474815.25,6947335.00,3478290,3475992,3416.58,3417.58,6834.17,3421,3420,0.00,0.00,0,0
1423516197,s1-eth1,1251182.88,27758.24,1278941.12,27786,1252434,828.17,420.58,1248.75,421,829,0.00,0.00,0,0
1423516197,s1-eth3,22285.71,988715.31,1011001.00,989704,22308,337.66,655.34,993.01,656,338,0.00,0.00,0,0
1423516197,s1-eth2,5472.53,249560.45,255032.97,249810,5478,82.92,164.84,247.75,165,83,0.00,0.00,0,0
1423516197,s2-eth1,988715.31,22285.71,1011001.00,22308,989704,655.34,337.66,993.01,338,656,0.00,0.00,0,0
1423516197,s2-eth3,15692.31,702855.19,718547.50,703558,15708,237.76,466.53,704.30,467,238,0.00,0.00,0,0
1423516197,s2-eth2,6593.41,300985.03,307578.44,301286,6600,99.90,198.80,298.70,199,100,0.00,0.00,0,0
1423516197,s3-eth1,702855.19,15692.31,718547.50,15708,703558,466.53,237.76,704.30,238,467,0.00,0.00,0,0
1423516197,s3-eth3,8571.43,369986.03,378557.44,370356,8580,129.87,245.75,375.62,246,130,0.00,0.00,0,0
1423516197,s3-eth2,7120.88,332869.12,339990.03,333202,7128,107.89,220.78,328.67,221,108,0.00,0.00,0,0
1423516197,eth0,205.79,125.87,331.67,126,206,2.00,2.00,4.00,2,2,0.00,0.00,0,0
1423516197,lo,0.00,0.00,0.00,0,0,0.00,0.00,0.00,0,0,0.00,0.00,0,0
1423516197,s4-eth1,369986.03,8571.43,378557.44,8580,370356,245.75,129.87,375.62,130,246,0.00,0.00,0,0
1423516197,s4-eth2,8571.43,369986.03,378557.44,370356,8580,129.87,245.75,375.62,246,130,0.00,0.00,0,0
1423516197,total,3387252.75,3389390.75,6776643.50,3392780,3390640,3323.68,3325.67,6649.35,3329,3327,0.00,0.00,0,0
1423516198,s1-eth1,1250864.00,27852.00,1278716.00,27852,1250864,828.00,422.00,1250.00,422,828,0.00,0.00,0,0
1423516198,s1-eth3,22704.00,1035876.00,1058580.00,1035876,22704,344.00,686.00,1030.00,686,344,0.00,0.00,0,0
1423516198,s1-eth2,5082.00,222558.00,227640.00,222558,5082,77.00,147.00,224.00,147,77,0.00,0.00,0,0
1423516198,s2-eth1,1035876.00,22704.00,1058580.00,22704,1035876,686.00,344.00,1030.00,344,686,0.00,0.00,0,0
1423516198,s2-eth3,16764.00,746702.00,763466.00,746702,16764,254.00,495.00,749.00,495,254,0.00,0.00,0,0
1423516198,s2-eth2,6006.00,275548.00,281554.00,275548,6006,91.00,182.00,273.00,182,91,0.00,0.00,0,0
1423516198,s3-eth1,746702.00,16764.00,763466.00,16764,746702,495.00,254.00,749.00,254,495,0.00,0.00,0,0
1423516198,s3-eth3,8316.00,371748.00,380064.00,371748,8316,126.00,246.00,372.00,246,126,0.00,0.00,0,0
1423516198,s3-eth2,8448.00,373440.00,381888.00,373440,8448,128.00,248.00,376.00,248,128,0.00,0.00,0,0
1423516198,eth0,206.00,126.00,332.00,126,206,2.00,2.00,4.00,2,2,0.00,0.00,0,0
1423516198,lo,688.00,688.00,1376.00,688,688,12.00,12.00,24.00,12,12,0.00,0.00,0,0
1423516198,s4-eth1,371748.00,8316.00,380064.00,8316,371748,246.00,126.00,372.00,126,246,0.00,0.00,0,0
1423516198,s4-eth2,8316.00,371748.00,380064.00,371748,8316,126.00,246.00,372.00,246,126,0.00,0.00,0,0
1423516198,total,3481720.00,3474070.00,6955790.00,3474070,3481720,3415.00,3410.00,6825.00,3410,3415,0.00,0.00,0,0
1423516199,s1-eth1,1250112.00,27852.00,1277964.00,27852,1250112,828.00,422.00,1250.00,422,828,0.00,0.00,0,0
1423516199,s1-eth3,21978.00,997274.00,1019252.00,997274,21978,333.00,661.00,994.00,661,333,0.00,0.00,0,0
1423516199,s1-eth2,5874.00,258894.00,264768.00,258894,5874,89.00,171.00,260.00,171,89,0.00,0.00,0,0
1423516199,s2-eth1,997274.00,21978.00,1019252.00,21978,997274,661.00,333.00,994.00,333,661,0.00,0.00,0,0
1423516199,s2-eth3,15246.00,683876.00,699122.00,683876,15246,231.00,454.00,685.00,454,231,0.00,0.00,0,0
1423516199,s2-eth2,6732.00,313398.00,320130.00,313398,6732,102.00,207.00,309.00,207,102,0.00,0.00,0,0
1423516199,s3-eth1,683876.00,15246.00,699122.00,15246,683876,454.00,231.00,685.00,231,454,0.00,0.00,0,0
1423516199,s3-eth3,8382.00,370356.00,378738.00,370356,8382,127.00,246.00,373.00,246,127,0.00,0.00,0,0
1423516199,s3-eth2,6864.00,313520.00,320384.00,313520,6864,104.00,208.00,312.00,208,104,0.00,0.00,0,0
1423516199,eth0,146.00,66.00,212.00,66,146,1.00,1.00,2.00,1,1,0.00,0.00,0,0
1423516199,lo,0.00,0.00,0.00,0,0,0.00,0.00,0.00,0,0,0.00,0.00,0,0
1423516199,s4-eth1,369986.03,8373.63,378359.66,8382,370356,245.75,126.87,372.63,127,246,0.00,0.00,0,0
1423516199,s4-eth2,8373.63,369986.03,378359.66,370356,8382,126.87,245.75,372.63,246,127,0.00,0.00,0,0
1423516199,total,3371850.25,3377820.25,6749670.50,3381198,3375222,3299.70,3303.70,6603.40,3307,3303,0.00,0.00,0,0
1423516200,s1-eth1,1251650.38,27890.11,1279540.50,27918,1252902,830.17,422.58,1252.75,423,831,0.00,0.00,0,0
1423516200,s1-eth3,22879.12,1052697.38,1075576.50,1053750,22902,346.65,698.30,1044.96,699,347,0.00,0.00,0,0
1423516200,s1-eth2,5076.92,222335.67,227412.59,222558,5082,76.92,146.85,223.78,147,77,0.00,0.00,0,0
1423516200,s2-eth1,1052697.38,22879.12,1075576.50,22902,1053750,698.30,346.65,1044.96,347,699,0.00,0.00,0,0
1423516200,s2-eth3,16153.85,732409.62,748563.44,733142,16170,244.76,486.51,731.27,487,245,0.00,0.00,0,0
1423516200,s2-eth2,6725.27,317262.75,323988.03,317580,6732,101.90,209.79,311.69,210,102,0.00,0.00,0,0
1423516200,s3-eth1,732409.62,16153.85,748563.44,16170,733142,486.51,244.76,731.27,245,487,0.00,0.00,0,0
1423516200,s3-eth3,7582.42,340553.47,348135.88,340894,7590,114.89,226.77,341.66,227,115,0.00,0.00,0,0
1423516200,s3-eth2,8505.50,391856.16,400361.66,392248,8514,128.87,259.74,388.61,260,129,0.00,0.00,0,0
1423516200,eth0,205.79,125.87,331.67,126,206,2.00,2.00,4.00,2,2,0.00,0.00,0,0
1423516200,lo,0.00,0.00,0.00,0,0,0.00,0.00,0.00,0,0,0.00,0.00,0,0
1423516200,s4-eth1,340894.00,7590.00,348484.00,7590,340894,227.00,115.00,342.00,115,227,0.00,0.00,0,0
1423516200,s4-eth2,7590.00,340894.00,348484.00,340894,7590,115.00,227.00,342.00,227,115,0.00,0.00,0,0
1423516200,total,3455474.00,3475772.00,6931246.00,3475772,3455474,3376.00,3389.00,6765.00,3389,3376,0.00,0.00,0,0
1423516201,s1-eth1,1250808.00,37722.00,1288530.00,37722,1250808,828.00,527.00,1355.00,527,828,0.00,0.00,0,0
1423516201,s1-eth3,29446.00,1004082.00,1033528.00,1004082,29446,413.00,665.00,1078.00,665,413,0.00,0.00,0,0
1423516201,s1-eth2,8210.00,225586.00,233796.00,225586,8210,113.00,149.00,262.00,149,113,0.00,0.00,0,0
1423516201,s2-eth1,1004082.00,29446.00,1033528.00,29446,1004082,665.00,413.00,1078.00,413,665,0.00,0.00,0,0
1423516201,s2-eth3,20800.00,621680.00,642480.00,621680,20800,282.00,412.00,694.00,412,282,0.00,0.00,0,0
1423516201,s2-eth2,8646.00,388458.00,397104.00,388458,8646,131.00,257.00,388.00,257,131,0.00,0.00,0,0
1423516201,s3-eth1,621680.00,20800.00,642480.00,20800,621680,412.00,282.00,694.00,282,412,0.00,0.00,0,0
1423516201,s3-eth3,11878.00,356608.00,368486.00,356608,11878,159.00,236.00,395.00,236,159,0.00,0.00,0,0
1423516201,s3-eth2,8922.00,265072.00,273994.00,265072,8922,123.00,176.00,299.00,176,123,0.00,0.00,0,0
1423516201,eth0,206.00,268.00,474.00,268,206,2.00,3.00,5.00,3,2,0.00,0.00,0,0
1423516201,lo,0.00,0.00,0.00,0,0,0.00,0.00,0.00,0,0,0.00,0.00,0,0
1423516201,s4-eth1,356608.00,11878.00,368486.00,11878,356608,236.00,159.00,395.00,159,236,0.00,0.00,0,0
1423516201,s4-eth2,11878.00,356608.00,368486.00,356608,11878,159.00,236.00,395.00,236,159,0.00,0.00,0,0
1423516201,total,3333164.00,3318208.00,6651372.00,3318208,3333164,3523.00,3515.00,7038.00,3515,3523,0.00,0.00,0,0
1423516202,s1-eth1,1250046.00,33298.00,1283344.00,33298,1250046,827.00,481.00,1308.00,481,827,0.00,0.00,0,0
1423516202,s1-eth3,26958.00,1037212.00,1064170.00,1037212,26958,395.00,686.00,1081.00,686,395,0.00,0.00,0,0
1423516202,s1-eth2,6406.00,195306.00,201712.00,195306,6406,87.00,129.00,216.00,129,87,0.00,0.00,0,0
1423516202,s2-eth1,1037212.00,26958.00,1064170.00,26958,1037212,686.00,395.00,1081.00,395,686,0.00,0.00,0,0
1423516202,s2-eth3,16368.00,741860.00,758228.00,741860,16368,248.00,490.00,738.00,490,248,0.00,0.00,0,0
1423516202,s2-eth2,10590.00,334716.00,345306.00,334716,10590,147.00,222.00,369.00,222,147,0.00,0.00,0,0
1423516202,s3-eth1,741860.00,16368.00,758228.00,16368,741860,490.00,248.00,738.00,248,490,0.00,0.00,0,0
1423516202,s3-eth3,8382.00,378500.00,386882.00,378500,8382,127.00,250.00,377.00,250,127,0.00,0.00,0,0
1423516202,s3-eth2,7986.00,363360.00,371346.00,363360,7986,121.00,240.00,361.00,240,121,0.00,0.00,0,0
1423516202,eth0,146.00,380.00,526.00,380,146,1.00,3.00,4.00,3,1,0.00,0.00,0,0
1423516202,lo,0.00,0.00,0.00,0,0,0.00,0.00,0.00,0,0,0.00,0.00,0,0
1423516202,s4-eth1,378500.00,8382.00,386882.00,8382,378500,250.00,127.00,377.00,127,250,0.00,0.00,0,0
1423516202,s4-eth2,8316.00,378500.00,386816.00,378500,8316,126.00,250.00,376.00,250,126,0.00,0.00,0,0
1423516202,total,3492770.00,3514840.00,7007610.00,3514840,3492770,3505.00,3521.00,7026.00,3521,3505,0.00,0.00,0,0
1423516203,s1-eth1,1250742.00,29154.00,1279896.00,29154,1250742,827.00,437.00,1264.00,437,827,0.00,0.00,0,0
1423516203,s1-eth3,23826.00,1136674.00,1160500.00,1136674,23826,361.00,753.00,1114.00,753,361,0.00,0.00,0,0
1423516203,s1-eth2,5328.00,174110.00,179438.00,174110,5328,76.00,115.00,191.00,115,76,0.00,0.00,0,0
1423516203,s2-eth1,1136674.00,23826.00,1160500.00,23826,1136674,753.00,361.00,1114.00,361,753,0.00,0.00,0,0
1423516203,s2-eth3,16038.00,731562.00,747600.00,731562,16038,243.00,485.00,728.00,485,243,0.00,0.00,0,0
1423516203,s2-eth2,7722.00,361206.00,368928.00,361206,7722,117.00,239.00,356.00,239,117,0.00,0.00,0,0
1423516203,s3-eth1,731562.00,16038.00,747600.00,16038,731562,485.00,243.00,728.00,243,485,0.00,0.00,0,0
1423516203,s3-eth3,8844.00,395154.00,403998.00,395154,8844,134.00,261.00,395.00,261,134,0.00,0.00,0,0
1423516203,s3-eth2,7260.00,337922.00,345182.00,337922,7260,110.00,225.00,335.00,225,110,0.00,0.00,0,0
1423516203,eth0,206.00,126.00,332.00,126,206,2.00,2.00,4.00,2,2,0.00,0.00,0,0
1423516203,lo,688.00,688.00,1376.00,688,688,12.00,12.00,24.00,12,12,0.00,0.00,0,0
1423516203,s4-eth1,394759.25,8835.17,403594.41,8844,395154,260.74,133.87,394.61,134,261,0.00,0.00,0,0
1423516203,s4-eth2,8901.10,394759.25,403660.34,395154,8910,134.87,260.74,395.60,261,135,0.00,0.00,0,0
1423516203,total,3589364.75,3606851.25,7196216.00,3610458,3592954,3512.49,3524.48,7036.96,3528,3516,0.00,0.00,0,0
1423516204,s1-eth1,1250843.25,28663.34,1279506.50,28692,1252094,830.17,433.57,1263.74,434,831,0.00,0.00,0,0
1423516204,s1-eth3,24659.34,1091976.00,1116635.38,1093068,24684,373.63,725.27,1098.90,726,374,0.00,0.00,0,0
1423516204,s1-eth2,4004.00,155786.22,159790.22,155942,4008,59.94,102.90,162.84,103,60,0.00,0.00,0,0
1423516204,s2-eth1,1091976.00,24659.34,1116635.38,24684,1093068,725.27,373.63,1098.90,374,726,0.00,0.00,0,0
1423516204,s2-eth3,16285.71,720477.56,736763.25,721198,16302,246.75,478.52,725.27,479,247,0.00,0.00,0,0
1423516204,s2-eth2,8373.63,374523.50,382897.12,374898,8382,126.87,248.75,375.62,249,127,0.00,0.00,0,0
1423516204,s3-eth1,720477.56,16285.71,736763.25,16302,721198,478.52,246.75,725.27,247,479,0.00,0.00,0,0
1423516204,s3-eth3,8901.10,392145.88,401046.97,392538,8910,134.87,260.74,395.60,261,135,0.00,0.00,0,0
1423516204,s3-eth2,7384.62,326819.19,334203.81,327146,7392,111.89,216.78,328.67,217,112,0.00,0.00,0,0
1423516204,eth0,295.70,215.78,511.49,216,296,3.00,3.00,5.99,3,3,0.00,0.00,0,0
1423516204,lo,0.00,0.00,0.00,0,0,0.00,0.00,0.00,0,0,0.00,0.00,0,0
1423516204,s4-eth1,392538.00,8910.00,401448.00,8910,392538,261.00,135.00,396.00,135,261,0.00,0.00,0,0
1423516204,s4-eth2,8910.00,392538.00,401448.00,392538,8910,135.00,261.00,396.00,261,135,0.00,0.00,0,0
1423516204,total,3537782.00,3536132.00,7073914.00,3536132,3537782,3490.00,3489.00,6979.00,3489,3490,0.00,0.00,0,0
1423516205,s1-eth1,1251870.00,27918.00,1279788.00,27918,1251870,831.00,423.00,1254.00,423,831,0.00,0.00,0,0
1423516205,s1-eth3,24090.00,1075306.00,1099396.00,1075306,24090,365.00,713.00,1078.00,713,365,0.00,0.00,0,0
1423516205,s1-eth2,3762.00,177138.00,180900.00,177138,3762,57.00,117.00,174.00,117,57,0.00,0.00,0,0
1423516205,s2-eth1,1075306.00,24090.00,1099396.00,24090,1075306,713.00,365.00,1078.00,365,713,0.00,0.00,0,0
1423516205,s2-eth3,15312.00,692142.00,707454.00,692142,15312,232.00,459.00,691.00,459,232,0.00,0.00,0,0
1423516205,s2-eth2,8844.00,380136.00,388980.00,380136,8844,134.00,252.00,386.00,252,134,0.00,0.00,0,0
1423516205,s3-eth1,692142.00,15312.00,707454.00,15312,692142,459.00,232.00,691.00,232,459,0.00,0.00,0,0
1423516205,s3-eth3,7986.00,349856.00,357842.00,349856,7986,121.00,232.00,353.00,232,121,0.00,0.00,0,0
1423516205,s3-eth2,7260.00,343800.00,351060.00,343800,7260,110.00,228.00,338.00,228,110,0.00,0.00,0,0
1423516205,eth0,146.00,66.00,212.00,66,146,1.00,1.00,2.00,1,1,0.00,0.00,0,0
1423516205,lo,0.00,0.00,0.00,0,0,0.00,0.00,0.00,0,0,0.00,0.00,0,0
1423516205,s4-eth1,349856.00,7986.00,357842.00,7986,349856,232.00,121.00,353.00,121,232,0.00,0.00,0,0
1423516205,s4-eth2,7986.00,349856.00,357842.00,349856,7986,121.00,232.00,353.00,232,121,0.00,0.00,0,0
1423516205,total,3444560.00,3443606.00,6888166.00,3443606,3444560,3376.00,3375.00,6751.00,3375,3376,0.00,0.00,0,0
1423516206,s1-eth1,1250112.00,27654.00,1277766.00,27654,1250112,828.00,419.00,1247.00,419,828,0.00,0.00,0,0
1423516206,s1-eth3,23562.00,1052718.00,1076280.00,1052718,23562,357.00,699.00,1056.00,699,357,0.00,0.00,0,0
1423516206,s1-eth2,4158.00,190764.00,194922.00,190764,4158,63.00,126.00,189.00,126,63,0.00,0.00,0,0
1423516206,s2-eth1,1052718.00,23562.00,1076280.00,23562,1052718,699.00,357.00,1056.00,357,699,0.00,0.00,0,0
1423516206,s2-eth3,16104.00,717184.00,733288.00,717184,16104,244.00,476.00,720.00,476,244,0.00,0.00,0,0
1423516206,s2-eth2,7392.00,334020.00,341412.00,334020,7392,112.00,222.00,334.00,222,112,0.00,0.00,0,0
1423516206,s3-eth1,717184.00,16104.00,733288.00,16104,717184,476.00,244.00,720.00,244,476,0.00,0.00,0,0
1423516206,s3-eth3,8844.00,393066.00,401910.00,393066,8844,134.00,261.00,395.00,261,134,0.00,0.00,0,0
1423516206,s3-eth2,7326.00,322604.00,329930.00,322604,7326,111.00,214.00,325.00,214,111,0.00,0.00,0,0
1423516206,eth0,206.00,126.00,332.00,126,206,2.00,2.00,4.00,2,2,0.00,0.00,0,0
1423516206,lo,0.00,0.00,0.00,0,0,0.00,0.00,0.00,0,0,0.00,0.00,0,0
1423516206,s4-eth1,393066.00,8844.00,401910.00,8844,393066,261.00,134.00,395.00,134,261,0.00,0.00,0,0
1423516206,s4-eth2,8844.00,393066.00,401910.00,393066,8844,134.00,261.00,395.00,261,134,0.00,0.00,0,0
1423516206,total,3489516.00,3479712.00,6969228.00,3479712,3489516,3421.00,3415.00,6836.00,3415,3421,0.00,0.00,0,0
1423516207,s1-eth1,1251052.00,27852.00,1278904.00,27852,1251052,830.00,422.00,1252.00,422,830,0.00,0.00,0,0
1423516207,s1-eth3,23892.00,1087540.00,1111432.00,1087540,23892,362.00,722.00,1084.00,722,362,0.00,0.00,0,0
1423516207,s1-eth2,3894.00,177138.00,181032.00,177138,3894,59.00,117.00,176.00,117,59,0.00,0.00,0,0
1423516207,s2-eth1,1087540.00,23892.00,1111432.00,23892,1087540,722.00,362.00,1084.00,362,722,0.00,0.00,0,0
1423516207,s2-eth3,16368.00,744558.00,760926.00,744558,16368,248.00,495.00,743.00,495,248,0.00,0.00,0,0
1423516207,s2-eth2,7590.00,344496.00,352086.00,344496,7590,115.00,228.00,343.00,228,115,0.00,0.00,0,0
1423516207,s3-eth1,744558.00,16368.00,760926.00,16368,744558,495.00,248.00,743.00,248,495,0.00,0.00,0,0
1423516207,s3-eth3,8580.00,388524.00,397104.00,388524,8580,130.00,258.00,388.00,258,130,0.00,0.00,0,0
1423516207,s3-eth2,7722.00,357548.00,365270.00,357548,7722,117.00,238.00,355.00,238,117,0.00,0.00,0,0
1423516207,eth0,206.00,126.00,332.00,126,206,2.00,2.00,4.00,2,2,0.00,0.00,0,0
1423516207,lo,0.00,0.00,0.00,0,0,0.00,0.00,0.00,0,0,0.00,0.00,0,0
1423516207,s4-eth1,388524.00,8580.00,397104.00,8580,388524,258.00,130.00,388.00,130,258,0.00,0.00,0,0
1423516207,s4-eth2,8580.00,390038.00,398618.00,390038,8580,130.00,259.00,389.00,259,130,0.00,0.00,0,0
1423516207,total,3544961.25,3563097.00,7108058.00,3566660,3548506,3464.54,3477.52,6942.06,3481,3468,0.00,0.00,0,0
1423516208,s1-eth1,1250619.38,36383.62,1287003.00,36420,1251870,830.17,519.48,1349.65,520,831,0.00,0.00,0,0
1423516208,s1-eth3,30353.65,1061436.62,1091790.25,1062498,30384,433.57,704.30,1137.86,705,434,0.00,0.00,0,0
1423516208,s1-eth2,6095.90,190573.44,196669.34,190764,6102,86.91,125.87,212.79,126,87,0.00,0.00,0,0
1423516208,s2-eth1,1061436.62,30353.65,1091790.25,30384,1062498,704.30,433.57,1137.86,434,705,0.00,0.00,0,0
1423516208,s2-eth3,19366.63,715650.38,735017.00,716366,19386,280.72,474.53,755.24,475,281,0.00,0.00,0,0
1423516208,s2-eth2,10921.08,344273.75,355194.81,344618,10932,151.85,228.77,380.62,229,152,0.00,0.00,0,0
1423516208,s3-eth1,715650.38,19366.63,735017.00,19386,716366,474.53,280.72,755.24,281,475,0.00,0.00,0,0
1423516208,s3-eth3,8901.10,389648.38,398549.47,390038,8910,134.87,258.74,393.61,259,135,0.00,0.00,0,0
1423516208,s3-eth2,10531.47,324489.53,335021.00,324814,10542,146.85,214.79,361.64,215,147,0.00,0.00,0,0
1423516208,eth0,205.79,267.73,473.53,268,206,2.00,3.00,5.00,3,2,0.00,0.00,0,0
1423516208,lo,687.31,687.31,1374.63,688,688,11.99,11.99,23.98,12,12,0.00,0.00,0,0
1423516208,s4-eth1,389259.50,8892.22,398151.72,8910,390038,258.48,134.73,393.21,135,259,0.00,0.00,0,0
1423516208,s4-eth2,8892.22,405880.25,414772.47,406692,8910,134.73,269.46,404.19,270,135,0.00,0.00,0,0
1423516208,total,3513318.75,3528317.75,7041636.50,3531846,3516832,3651.35,3660.34,7311.69,3664,3655,0.00,0.00,0,0
1423516209,s1-eth1,1251126.88,39068.93,1290195.88,39108,1252378,828.17,535.46,1363.64,536,829,0.00,0.00,0,0
1423516209,s1-eth3,33190.81,1094523.50,1127714.38,1095618,33224,459.54,724.28,1183.82,725,460,0.00,0.00,0,0
1423516209,s1-eth2,5878.12,131586.42,137464.55,131718,5884,75.92,86.91,162.84,87,76,0.00,0.00,0,0
1423516209,s2-eth1,1094523.50,33190.81,1127714.38,33224,1095618,724.28,459.54,1183.82,460,725,0.00,0.00,0,0
1423516209,s2-eth3,22533.47,789640.38,812173.88,790430,22556,309.69,522.48,832.17,523,310,0.00,0.00,0,0
1423516209,s2-eth2,10657.34,321520.50,332177.84,321842,10668,149.85,212.79,362.64,213,150,0.00,0.00,0,0
1423516209,s3-eth1,789640.38,22533.47,812173.88,22556,790430,522.48,309.69,832.17,310,523,0.00,0.00,0,0
1423516209,s3-eth3,14093.91,405468.53,419562.44,405874,14108,181.82,268.73,450.55,269,182,0.00,0.00,0,0
1423516209,s3-eth2,8439.56,384171.84,392611.41,384556,8448,127.87,253.75,381.62,254,128,0.00,0.00,0,0
1423516209,eth0,265.73,185.81,451.55,186,266,3.00,3.00,5.99,3,3,0.00,0.00,0,0
1423516209,lo,0.00,0.00,0.00,0,0,0.00,0.00,0.00,0,0,0.00,0.00,0,0
1423516209,s4-eth1,405874.00,14108.00,419982.00,14108,405874,269.00,182.00,451.00,182,269,0.00,0.00,0,0
1423516209,s4-eth2,14108.00,390734.00,404842.00,390734,14108,182.00,259.00,441.00,259,182,0.00,0.00,0,0
1423516209,total,3653562.00,3629954.00,7283516.00,3629954,3653562,3837.00,3821.00,7658.00,3821,3837,0.00,0.00,0,0
1423516210,s1-eth1,1250158.00,27918.00,1278076.00,27918,1250158,827.00,423.00,1250.00,423,827,0.00,0.00,0,0
1423516210,s1-eth3,25608.00,1174458.00,1200066.00,1174458,25608,388.00,777.00,1165.00,777,388,0.00,0.00,0,0
1423516210,s1-eth2,2310.00,99924.00,102234.00,99924,2310,35.00,66.00,101.00,66,35,0.00,0.00,0,0
1423516210,s2-eth1,1174458.00,25608.00,1200066.00,25608,1174458,777.00,388.00,1165.00,388,777,0.00,0.00,0,0
1423516210,s2-eth3,18018.00,806556.00,824574.00,806556,18018,273.00,534.00,807.00,534,273,0.00,0.00,0,0
1423516210,s2-eth2,7590.00,351248.00,358838.00,351248,7590,115.00,232.00,347.00,232,115,0.00,0.00,0,0
1423516210,s3-eth1,806556.00,18018.00,824574.00,1